1 24,26,56,65,71,75,127,130,142,165,175,176,178,187
2 10,14,17,22,36,64,70,79,107,115,137,158,161,245
3 67,120,150,151,153,155,156,171,172,173,179,184,209,244
4 212,215,216,217,220,223,246,247,248,249,251,255,259,263
5 80,82,91,124,143,152,157,166,170,177,206,208,210,252
6 19,20,35,42,51,60,73,83,98,126,200,264,267
7 138,180,181,182,183,188,190,194,198,199,203,204,205
8 99,129,132,237,256,257,258,260,261,262,266,268,269
9 5,12,15,21,23,29,38,46,58,101,109,113,141
10 2,4,7,11,13,32,52,55,76,84,118,128,140
11 50,57,66,88,89,97,105,106,116,134,139,162,168
12 219,221,224,225,227,228,231,233,236,238,240,243
13 6,8,31,44,49,77,81,85,87,121,164,174
14 213,214,222,226,229,230,232,235,239,241,250,265
15 25,28,30,33,40,45,47,61,69,218,234
16 16,59,78,92,95,103,117,119,131,160,163
17 3,9,18,27,37,48,90,104,146,149
18 53,68,72,111,112,135,136,154,253,254
19 93,186,189,191,192,193,196,197,207
20 74,86,94,108,110,123,133,144,147
21 1,34,54,62,102,114,167,169,211
22 39,43,96,148,159,270
23 41,63,100,122,125,145
24 185,195,201,202,242