1 19,20,31,42,44,49,51,60,81,83,95,122,178,188,190
2 53,96,125,128,224,242,243,244,246,247,248,252,254,255
3 68,72,108,109,131,132,134,148,180,193,194,195,239,240
4 35,73,200,201,209,213,216,217,219,222,226,228,237,251
5 10,14,17,22,36,64,70,79,104,112,133,151,154,232
6 67,117,149,163,164,169,170,171,172,173,174,184,189,231
7 202,203,210,233,235,236,238,241,249
8 199,204,207,234,245
9 30,40,45,47,61,250,253
10 25,28,33,69,205,221
11 3,9,12,15,27,29,37,38,88,98,106,110,141
12 123,138,145,146,147,150,158,162,166,167,168,177,197
13 50,57,66,86,87,94,102,103,113,130,135,155,160
14 206,208,211,212,214,215,218,220,223,225,227,230
15 6,8,55,76,77,80,82,85,115,118,157,165
16 16,59,78,89,92,100,114,116,127,153,156
17 5,18,21,23,46,48,58,101,137,144
18 90,176,179,181,182,183,186,187,196
19 74,84,91,105,107,120,129,139,142
20 1,34,54,62,99,111,159,161,198
21 2,4,7,11,13,32,52,124,136
22 24,26,56,65,71,75,126
23 39,43,93,143,152,256
24 41,63,97,119,121,140
25 175,185,191,192,229