1 1,1,1,1,1,1,1,1,1,1,1,1,1,1,1
2 2,2,2,2,2,2,2,2,2,2,2,2,2,2
3 3,3,3,3,3,3,3,3,3,3,3,3,3,3
4 4,4,4,4,4,4,4,4,4,4,4,4,4,4
5 5,5,5,5,5,5,5,5,5,5,5,5,5,5
6 6,6,6,6,6,6,6,6,6,6,6,6,6,6
7 8,7,7,8,8,7,7,8,7,7,7,7,8,7
8 10,10,9,10,9,9,9,9,10,10,10,9,9
9 11,11,11,11,11,11,11,11,11,11,11,11,11
10 12,12,12,12,12,12,12,12,12,12,12,12,12
11 13,13,13,13,13,13,13,13,13,13,13,13,13
12 14,14,14,14,14,14,14,14,14,14,14,14
13 15,15,15,15,15,15,15,15,15,15,15,15
14 16,16,16,16,16,16,16,16,16,16,16
15 17,17,17,17,17,17,17,17,17,17
16 18,18,18,18,18,18,18,18,18
17 19,19,19,19,19,19,19,19,19
18 20,20,20,20,20,20,20,20,20
19 21,21,21,21,21,21,21,21,21
20 22,22,22,22,22,22,22
21 23,23,23,23,23,23
22 24,24,24,24,24,24
23 25,25,25,25,25