1 24,26,56,65,71,75,126,206,208,212,214,215,218,225,230
2 96,109,125,128,224,239,242,243,244,246,247,248,252,254,255
3 4,6,8,11,13,55,76,77,80,82,85,115,118,157,165
4 3,9,27,37,88,123,138,141,150,158,162,166,167,168,177
5 53,68,72,108,131,132,134,148,178,180,188,193,194,195,240
6 67,117,145,146,147,149,163,164,169,170,172,174,184,197,231
7 2,7,14,17,32,35,52,70,73,124,133,136,151,154,232
8 171,173,189,200,201,209,213,216,217,219,222,226,228,237,251
9 1,34,39,43,54,62,93,99,111,143,152,159,161,198,256
10 10,22,36,50,64,79,86,104,112,113,211,220,223,227
11 5,12,18,21,23,29,46,48,58,98,101,110,137,144
12 199,202,203,204,207,210,233,234,235,236,238,241,245,249
13 41,63,97,119,121,140,175,185,191,192,229,250,253
14 19,20,31,42,44,49,51,60,81,83,95,122,190
15 15,38,57,66,87,94,102,103,106,130,135,155,160
16 25,28,30,33,40,45,47,61,69,205,221
17 16,59,78,89,92,100,114,116,127,153,156
18 90,176,179,181,182,183,186,187,196
19 74,84,91,105,107,120,129,139,142