1 7,6,6,8,5,9,4,3,5,2,1,1,2,4,7
2 16,15,14,13,12,13,12,11,12,15,10,11,11,10,16
3 22,21,20,20,19,19,18,17,21,18,17,19,18,22
4 31,30,29,28,27,26,30,27,25,24,23,26,31,23
5 40,39,38,37,36,38,35,34,33,36,39,33,32,34
6 48,47,46,47,45,44,43,42,46,43,45,44,42,41
7 55,54,53,52,52,51,54,50,54,49,50,49,51,55
8 63,62,61,60,59,60,58,57,62,63,56,61,59,56
9 69,68,69,67,68,66,70,65,66,65,64,66,67,64
10 77,76,75,74,73,73,78,76,72,71,75,79,71
11 85,84,83,86,82,81,85,80,82,80,84,81,85
12 94,94,93,92,91,90,89,90,89,88,88,93,87
13 102,101,100,99,98,102,99,97,96,103,95,100,104
14 110,109,108,107,108,106,105,106,110,107,109,107,105
15 116,115,116,114,113,112,111,113,115,112,111,113,114
16 122,121,120,119,120,121,119,118,118,117,117,122
17 129,128,127,128,126,125,124,124,125,123,123
18 133,133,132,133,131,130,130,130,131,132
19 137,136,135,136,135,135,137,137,134,134
20 140,139,140,138,140,141,138,139