1 142,174
2 133,186
3 128
4 60,194
5 50,132
6 39,42
7 4,206
8 48
9 51
10 207,239
11 182,213,229
12 156,159,184
13 150,158
14 146
15 145,197
16 143,257
17 129,178
18 72,175,196
19 68,69,195
20 64,66
21 59,130
22 56,215
23 97,191
24 96
25 18
26 12,98
27 11,17
28 9
29 8
30 7,13
31 6,160
32 165
33 58,123
34 55,167
35 53
36 49,108
37 47
38 40,52
39 34,117
40 30
41 177
42 110,172
43 107,114
44 46,124
45 38,121
46 28,112
47 22,37
48 21
49 179,224
50 149,188
51 138,245
52 79,82
53 77
54 76,140,176
55 63,248
56 201,237
57 180
58 147
59 139,233
60 137,144
61 93,232
62 84,181
63 83,200
64 203,228
65 141,151
66 85,148,204
67 75,222
68 71,80
69 70,74
70 88
71 187,212
72 169
73 125,135
74 61
75 43,208
76 33,166
77 31
78 136
79 210
80 102,105
81 100,162
82 99,103
83 15
84 14,161
85 1,101,164
86 20
87 221
88 202,211
89 170,193
90 67,185
91 32
92 27
93 16,217
94 5,10
95 111
96 106
97 104
98 25
99 24,35
100 23,163
101 19
102 2,26
103 109
104 171
105 118,192
106 115,119
107 45,126,173
108 44,113
109 36,168
110 29,122
111 214,235
112 199,227
113 190,220,236
114 153,256
115 89,223
116 81,90
117 247,249
118 243,244
119 183,241
120 95,198
121 94,216
122 86,251
123 131,134
124 116,120
125 65,127
126 62
127 54
128 41,57
129 3
130 157,218,219
131 154,230
132 87,231
133 73,78,152
134 246,252
135 155,205,209
136 92,189
137 91,240,242
138 238,254
139 226,255
140 225,234,250
141 253