1 129,132,194
2 112,199,253
3 99,181,182
4 53,180,183,237
5 38,90,109,146
6 18,27
7 15,48,149
8 9,37
9 3,104
10 51,60,98,200
11 49,83,126
12 31,44
13 20,85
14 19,42
15 120,153,172,184
16 67,150,151,155,173,179,209,244,252
17 118
18 84,128
19 52,55
20 11,32,140
21 7,76
22 4,13
23 2
24 97,116,134
25 88,106,162,168
26 66,89,139
27 50,57,105
28 82,91,143,152,157,177,208
29 80,124,166,170,206,210
30 231,236
31 227,233
32 225,228
33 224,238,240
34 221,243
35 219
36 239,241,265
37 229,235
38 226,230
39 222,232
40 214,250
41 213
42 164,188
43 121,174,190,198
44 77,87
45 8,81
46 6
47 218
48 61
49 47,234
50 45
51 40
52 33
53 30
54 28
55 25
56 69
57 138,203,204
58 72,136,205,254
59 68,111,135,154
60 46,58
61 23,29
62 21,101,141
63 12
64 5,113
65 248,259
66 73,249
67 35,251,255,263
68 247
69 258,260,261,262
70 257,266,269
71 256,268
72 191,197
73 186,192,193
74 93,189,196,207
75 94,108,110,123,144
76 74,86,133,147
77 142,156,165,175,176
78 127,171,178,187
79 34,62,114,167,169,211
80 1,54,102
81 158,161
82 22,137,245
83 17,64
84 14,70
85 119,163
86 117
87 103,131
88 95,160
89 16
90 92,115
91 78,107
92 36,59
93 10,79
94 71,130
95 26,56,75
96 24,65
97 223,246
98 220
99 217
100 215
101 212
102 216
103 96,159,270
104 39,43,148
105 63,100,122
106 41,125,145
107 201
108 195,202,242
109 185
110 264,267