1 181,182,183
2 132,237
3 112,180,253
4 99,129
5 53,194,199
6 38,90,109
7 18,37,146,149
8 15,27
9 9,48
10 3,104
11 49,51,126
12 42,83,85
13 31,60
14 20,98,200
15 19,44
16 120,150,151,153,155,173,184,209,244,252
17 67,172,179
18 118
19 84,128
20 52,55
21 11,13
22 7,76
23 4,32,140
24 2
25 105,106,162,168
26 97,134
27 88,89,116
28 57,66
29 50,139
30 82,91,124,143,152
31 80,157,166,170,177,206,208,210
32 236,238,240
33 228,231
34 227,233
35 224,225
36 221,243
37 219
38 239,241,265
39 229,235
40 226,230
41 222,232
42 214,250
43 213
44 121,174,190,198
45 81,164
46 77,87
47 8,188
48 6
49 218
50 61
51 47,234
52 45
53 40
54 33
55 30
56 28
57 25
58 69
59 135,136,205,254
60 72,111,154,203
61 68,138,204
62 46,58
63 23,29
64 21,101,141
65 12
66 5,113
67 248,255,263
68 73,249
69 35,251,259
70 247
71 258,262,269
72 257,260,261,266
73 256,268
74 189,191
75 186,193,196,207
76 93,192,197
77 86,94,108,110,147
78 74,123,133,144
79 142,156,165,171,178,187
80 127,175,176
81 34,62,114,167,169,211
82 1,54,102
83 158,161
84 22,137,245
85 17,70
86 14,64
87 131
88 119,163
89 103,117
90 95,160
91 16
92 92,115
93 78,107
94 36,59
95 10,79
96 71,130
97 26,56,75
98 24,65
99 223,246
100 220
101 217
102 215
103 212
104 216
105 96,148,159
106 39,43,270
107 63,125,145
108 41,100,122
109 201
110 195,202,242
111 185
112 264,267