1 4,3,2,1,1,4,3,3,4,1,2,4,2
2 9,8,7,6,6,8,5,7,5,9,5,5,7
3 14,13,12,14,12,11,10,10,11,13,10,11,10
4 16,15,16,16,15,16,15,16,16,15,16,16,16
5 23,22,21,20,22,20,19,19,21,18,17,18,20
6 27,27,26,25,26,24,27,25,24,24,26,25,25
7 29,28,28,29,28,28,28,29,29,28,29,28,29
8 35,34,33,32,31,32,30,31,30,33,33,34
9 41,40,39,38,37,38,39,37,36,36,40,36
10 46,45,44,45,44,43,42,43,42,43,43
11 55,54,53,52,51,50,49,48,56,47,49
12 59,58,59,59,58,57,59,57,57,58,58
13 64,63,62,61,61,60,60,62,64,62
14 67,66,68,65,66,67,67,65,67
15 71,70,69,69,69,69,70,71,70
16 74,73,74,72,73,73,74,72,74
17 76,76,75,75,75,75,76,75,76
18 78,77,77,77,78,77,77,78,78
19 80,79,80,79,80,79,79,79,79
20 84,83,82,83,84,82,81,81,82
21 89,88,87,86,85,87,88,85
22 93,92,92,91,93,90,91,90
23 96,95,95,96,94,95,94
24 101,100,102,99,98,97,97
25 104,104,103,104,103,103
26 106,105,105,105,106,106
27 109,108,107,108,108
28 110,110