1 37,90,109,149
2 18,38
3 15,48,146
4 9,27
5 3,104
6 134,139
7 106
8 97
9 88,105,116
10 66
11 57,89
12 50,162,168
13 227,238
14 225,228
15 223,231
16 221
17 220
18 217
19 215
20 212,246
21 216
22 237,253
23 121,164
24 112,129
25 99,132
26 87,174
27 77
28 53
29 232,241
30 230,235
31 229,265
32 226,239
33 222,250
34 214
35 213
36 82,91,143,157,208,210,252
37 80,124,152,166,170
38 218
39 69
40 61,234
41 45
42 40
43 33,47
44 30
45 28
46 25
47 198,200
48 188
49 85,190
50 81
51 44,49
52 31
53 8
54 6
55 158
56 36,64
57 22,245
58 17
59 14,137,161
60 10,70
61 205,254
62 138,203
63 136
64 135,204
65 111
66 72,154
67 68
68 181,183,199
69 179,182
70 172
71 120,194
72 67,180
73 46,58
74 23,29
75 21,101,141
76 12
77 5,113
78 171,173,244
79 155
80 151,156
81 150,153,184,209
82 261,262
83 258,260,266,268
84 257,269
85 256
86 197,207
87 189,196
88 186,193
89 93,191,192
90 94,108,110,147
91 74,86,123,133,144
92 167
93 114
94 102,169
95 62,211
96 34,54
97 1
98 51,98,126
99 42,60
100 20,83
101 19
102 163
103 131
104 119
105 103,117
106 95,160
107 16
108 32,52,140,177
109 7,128,206
110 2
111 65,130
112 56,71,75
113 24,26
114 118
115 84
116 55,76
117 11
118 4,13
119 175,176
120 165,178
121 142,187
122 127
123 251,255,263
124 249,259
125 248
126 247
127 233,240,243
128 224,236
129 219
130 79,92
131 78,115
132 59,107
133 159
134 43,148,270
135 39,96
136 100,122,145
137 63,125
138 41
139 242
140 201
141 195,202
142 185
143 35,73
144 264,267