1 5,4,3,2,4,1,2,3,1,5,1,3,1
2 12,11,10,9,11,8,9,7,9,6,6,12,12
3 20,19,21,18,17,16,15,14,13,14,15,13,20
4 28,27,26,25,24,23,24,25,23,26,22,22
5 35,34,33,32,31,30,29,30,32,29,33,31
6 37,36,36,37,36,37,36,37,37,36,36,36
7 46,45,44,43,42,41,43,40,39,38,40
8 54,53,52,51,51,50,49,48,49,47,47
9 60,59,58,57,56,56,60,59,55,59,57
10 67,66,65,64,63,62,66,62,64,61,61
11 72,71,70,69,72,68,69,68,71,68
12 77,76,75,74,74,73,73,75,77,75
13 81,80,81,79,80,78,78,81,81,78
14 85,84,83,83,82,82,83,83,84
15 89,88,87,89,89,88,87,86,86
16 91,91,90,90,90,91,91,91,90
17 97,96,96,95,94,93,92,94,95
18 101,100,99,98,99,100,98,98
19 107,106,105,105,104,103,106,102
20 110,109,108,108,109,108,108,109
21 113,113,112,111,112,112,111
22 118,117,118,116,116,115,114
23 122,121,120,119,119,120,121
24 126,125,124,123,123,124,123
25 129,128,127,128,127,127
26 132,131,130,130,132,131
27 135,134,135,134,133,134
28 138,137,136,136,137,136
29 142,141,140,141,139
30 143,143
31 144,144