1 5,4,3,4,2,3,1,1,1,5,5,2,3
2 10,9,8,7,8,7,6,9,6,10,6,7,7
3 15,14,13,12,15,11,11,13,12,12,14,11,14
4 17,16,16,16,16,16,17,16,17,16,16,16,16
5 24,23,22,21,21,23,20,20,22,19,18,19,23
6 29,28,28,27,27,26,25,25,27,26,29,25,25
7 31,30,30,30,30,30,31,31,31,31,31,31,31
8 37,36,35,35,34,33,33,34,32,32,32,36
9 43,42,41,40,39,40,41,39,38,38,42,38
10 48,47,46,45,46,44,45,44,47,44,44
11 57,56,55,54,53,52,51,50,58,49,51
12 61,60,60,59,59,61,60,60,61,59,59
13 66,65,64,63,63,62,62,64,66,64
14 69,68,70,67,68,69,67,69,67
15 73,72,71,72,72,71,72,73,71
16 76,75,74,74,76,75,75,76,75
17 78,77,77,77,77,78,78,78,77
18 80,79,79,79,79,80,80,79,79
19 82,81,82,81,82,81,81,81,81
20 86,85,84,86,85,84,83,83,84
21 91,90,89,89,88,87,90,88
22 95,94,94,93,95,92,93,92
23 98,97,97,98,96,97,96
24 103,102,104,101,100,99,99
25 106,106,105,105,105,106
26 108,107,108,108,107,107
27 111,110,109,110,110
28 112,112