1 194,253
2 182,199
3 132,181,183
4 129,180,237
5 99,112
6 53
7 27,48,90
8 18,38
9 15,109,146
10 9,37,149
11 3,104
12 60,85,98
13 49,51
14 44,83,200
15 31,126
16 20,42
17 19
18 172,209
19 155,184,252
20 151,173
21 150,153,179,244
22 67,120
23 118,128
24 76,84
25 11,52
26 7,13,32
27 4,55
28 2,140
29 106,168
30 97,162
31 88,105,116
32 66,89
33 57,134
34 50,139
35 82,91,143,152,157,177,206,208,210
36 80,124,166,170
37 227,231
38 225,228,243
39 224,236,238
40 221,240
41 219,233
42 232,239
43 230,235
44 229,241
45 222,226
46 214,250,265
47 213
48 188,198
49 164,190
50 87,121
51 81
52 77,174
53 8
54 6
55 69
56 40,47
57 33,45
58 30,218
59 28,61
60 25,234
61 203,205
62 138,154,204
63 136
64 111,254
65 72,135
66 68
67 29,58,101
68 21,46
69 12,113
70 5,23,141
71 249,251
72 248,263
73 35,73,255,259
74 247
75 258,262,269
76 257,261,266,268
77 256,260
78 192,197,207
79 189,193,196
80 93,186,191
81 94,108,110,133
82 74,86,123,144,147
83 165,175,176
84 156,171,187
85 142,178
86 127
87 167,169
88 62,102,211
89 54,114
90 1,34
91 137,158
92 22,64,161
93 17,245
94 14,70
95 131,160
96 117,163
97 95,119
98 16,103
99 59,78,79
100 36,92
101 10,107,115
102 71,130
103 26,56,75
104 24,65
105 220
106 217
107 216
108 215,246
109 212,223
110 96,148,159
111 39,43,270
112 100,122
113 63,125
114 41,145
115 202,242
116 201
117 185,195
118 264,267