1 237,253
2 182,194
3 181,183,199
4 112,129
5 99,132,180
6 53
7 27,37,109
8 18,38
9 15,48,149
10 9,90,146
11 3,104
12 85,98,126
13 51,60
14 44,49
15 42,200
16 31
17 20,83
18 19
19 172,252
20 155
21 151,153,209
22 150,173
23 120,179,244
24 67,184
25 84,140
26 55,76
27 32,118
28 11,128
29 7,52
30 4,13
31 2
32 134,139
33 106
34 97
35 88,89
36 66,168
37 57,116
38 50,105,162
39 91,143,152,166,170,177
40 80,82,124,157,206,208,210
41 228,238,240
42 227,233
43 225,236
44 224,231
45 221,243
46 219
47 232,241
48 230,235
49 229,265
50 226,239
51 222,250
52 214
53 213
54 174,188
55 164,198
56 87,190
57 81,121
58 77
59 8
60 6
61 218
62 69
63 47,61
64 45
65 40
66 33
67 30,234
68 28
69 25
70 154,203
71 138,204,254
72 136
73 135
74 111
75 72,205
76 68
77 29,58
78 23,46
79 21,101,113
80 12
81 5,141
82 251,263
83 248
84 73,255,259
85 35,249
86 247
87 260,261,268
88 258,262,266
89 257,269
90 256
91 197,207
92 189,193
93 186,192
94 93,191,196
95 108,110,133,147
96 74,86,94,123,144
97 175,176
98 171,187
99 165,178
100 142,156
101 127
102 169,211
103 167
104 102,114
105 62
106 34,54
107 1
108 158
109 64,70
110 22,245
111 17,161
112 14,137
113 163
114 131
115 117
116 103,119
117 95,160
118 16
119 79,92
120 59,107
121 36,78
122 10,115
123 71,130
124 26,56,75
125 24,65
126 223,246
127 220
128 217
129 215
130 212
131 216
132 159
133 43,148,270
134 39,96
135 100,122
136 63,125
137 41,145
138 202
139 201
140 195,242
141 185
142 264,267