1 6,5,4,4,5,5,3,2,3,2,3,1,1
2 11,10,9,8,7,7,8,9,10,11,7,10,9
3 18,17,16,15,14,14,13,13,17,12,12,12,15
4 24,23,22,21,21,20,19,22,23,24,21,23,19
5 31,30,29,28,30,27,29,26,26,25,27,28,25
6 38,37,36,35,35,34,38,33,37,32,32,38,36
7 40,40,39,40,39,39,40,39,39,39,40,40,40
8 46,45,44,43,42,41,44,42,43,41,41,45
9 53,52,51,50,49,48,47,48,50,47,51,49
10 60,59,58,57,56,57,55,54,54,56,55
11 69,68,67,66,65,64,63,63,62,61,67
12 76,75,74,73,72,71,70,70,71,75,71
13 81,80,79,78,77,78,77,79,79,81
14 85,84,86,83,85,82,84,84,82
15 90,89,88,87,87,88,88,87,89
16 94,93,92,94,93,92,94,91,91
17 96,96,96,95,95,96,95,96,95
18 101,100,100,99,98,97,97,99,98
19 107,106,106,105,104,104,103,102,102
20 112,111,110,109,109,112,108,111,110
21 118,117,116,115,116,114,117,113
22 122,121,120,121,119,119,120,122
23 125,124,124,125,123,124,123
24 130,129,131,128,127,126,126
25 134,133,134,133,132,133
26 137,136,135,135,136,137
27 141,140,139,138,140
28 142,142