1 9,8,7,6,5,4,3,3,2,6,8,1,7
2 16,15,14,13,12,11,12,13,15,10,11,11,10
3 21,20,19,18,20,18,17,19,18,21,17,19,17
4 28,27,26,25,28,24,23,24,22,25,27,26,22
5 36,35,34,33,32,31,34,31,30,29,32,29,33
6 41,40,39,41,38,37,39,38,37,38,40,37
7 46,45,44,46,45,46,43,42,44,44,42,43
8 52,51,50,50,49,48,47,49,47,48,48,51
9 59,58,57,57,56,55,54,55,53,56,57,54
10 61,60,60,61,60,61,60,61,60,60,60,60
11 66,66,65,64,65,63,62,64,65,63,62,62
12 71,70,72,69,68,68,67,68,70,67,70
13 77,76,75,74,75,73,73,74,77,76
14 82,81,81,80,79,82,79,78,78,80
15 86,85,85,84,84,83,84,85,83
16 90,89,90,88,89,87,88,87,90
17 94,93,92,94,92,91,91,93,92
18 99,98,97,96,95,95,97,98,99
19 101,101,100,100,100,101,101,100,100
20 105,104,103,103,105,102,104,102
21 111,110,109,108,107,108,106,107
22 117,116,116,115,114,113,114,112
23 120,120,119,118,119,119,118
24 125,124,126,123,122,121,121
25 129,128,128,128,127,129
26 132,131,130,130,131,130
27 136,135,134,133,135
28 137,137