1 6,5,5,4,3,4,3,2,3,1,2,4,1
2 11,10,9,8,7,10,8,7,7,11,9,9,10
3 17,16,15,16,14,13,13,12,14,12,12,15,14
4 22,22,21,20,21,19,18,20,21,19,18,21,19
5 28,27,26,25,26,26,25,27,24,24,23,23,28
6 34,33,32,31,32,30,31,29,31,33,34,30,29
7 36,35,35,36,35,35,35,36,36,35,35,35,35
8 41,40,39,38,37,38,37,41,39,39,40,38
9 47,46,45,45,44,43,42,43,42,44,46,46
10 54,53,52,51,50,50,49,52,48,49,48
11 60,59,58,57,56,57,56,59,55,58,60
12 66,65,64,65,63,62,62,61,62,61,64
13 70,69,68,70,67,68,67,67,69,70
14 73,73,74,72,71,71,73,73,72
15 77,76,75,77,76,75,76,76,75
16 80,80,79,80,78,79,79,78,78
17 82,82,81,81,81,82,81,82,82
18 86,85,84,83,84,83,83,85,84
19 90,90,89,88,88,89,87,87,88
20 94,93,92,92,94,91,91,92,93
21 98,97,98,96,97,95,95,96
22 101,100,99,99,99,100,101,101
23 104,103,103,104,102,103,102
24 109,108,107,106,105,109,108
25 111,111,110,110,110,111
26 114,113,112,112,113,114
27 117,117,116,115,115
28 118,118