1 218
2 69
3 47,61
4 45
5 40
6 33,170
7 30,234
8 28,210
9 25
10 85,200
11 49,98,126
12 44,51
13 42,60
14 31
15 20,83
16 19
17 38,109,149
18 18,37,90
19 15,48,146
20 9,27
21 3,104
22 106,168
23 97
24 92,105
25 78,134
26 66,162
27 59,139
28 57,89
29 84,128
30 81
31 52,76
32 32,118
33 8,140
34 7,55
35 6
36 2
37 35,73,141
38 29,58,101
39 21,46
40 12,113
41 5,23
42 199,205
43 194,253
44 180,203,204
45 138,182
46 112,181,183
47 231,236
48 228,238,240
49 227,233
50 224,225
51 221,243
52 219
53 136
54 132,254
55 129,135
56 111,154
57 72,99,237
58 68
59 53
60 82,91,143,157,177,206,208,252
61 80,124,152,166
62 172,209,244
63 155,184
64 151,173
65 150,153,179
66 67,120
67 251,263
68 249,250,255
69 248
70 226,259,265
71 214
72 247
73 79,88
74 50,107
75 36,64
76 22,116
77 10,115
78 158,161
79 17,137
80 14,245
81 11,13
82 4,70
83 262,269
84 260,261,266
85 257,258,268
86 256
87 193,197
88 191,196
89 186,192
90 93,189,207
91 175,176
92 156,171,187
93 142,178
94 127,165
95 102,114
96 62
97 54,167
98 34,169
99 1,211
100 94,108,110,144,147
101 74,86,123,133
102 188,198
103 121,164
104 87,190
105 77,174
106 239
107 232,241
108 230,235
109 229
110 222
111 213
112 163
113 131
114 119,160
115 117
116 95,103
117 16
118 65,130
119 56,71,75
120 24,26
121 223,246
122 220
123 217
124 215
125 212
126 216
127 159
128 43,96,148
129 39,270
130 100,122,145
131 63,125
132 41
133 202
134 201
135 195,242
136 185
137 264,267