1 44340,21985,8606,4084,3426,5068,14851,33746,62031,86622,104888,108672,114300,105071,101523,93096,94104,69361,61836,69150,75359,67910,45359,78966
2 64491,27754,11805,6733,5029,6415,29138,64134,109349,147692,164710,172814,173082,171226,165639,171123,188566,146686,144980,151584,145572,129972,86472,131685
3 62893,27767,11802,6373,4905,7394,25900,55881,96008,128656,142614,146210,144995,134007,134920,133744,149600,118295,117839,126730,125821,112883,74434,125810
4 51366,16919,8704,4551,3322,6245,23358,48058,77354,93326,102069,106303,109473,107865,114058,119532,123088,90055,88821,97604,103870,94883,60588,111615
5 57772,24370,10694,6008,4373,5867,27209,54202,82267,104790,113222,117299,111853,112219,107936,115406,127674,94616,91011,99940,98186,90297,59388,120627
6 78351,34156,17481,8503,5156,10825,33724,71475,109538,145903,160767,175695,168456,168624,167251,166435,182779,136807,130254,146645,150016,132047,94556,170706
7 46678,20574,8887,4119,3579,5727,18842,36689,58763,81666,91769,88955,89158,87803,90845,88637,100655,71298,70092,75264,79955,72742,51110,85783
8 59863,28931,15783,9393,4870,6266,19367,39020,72813,105456,115712,115003,114454,112822,104030,106126,115757,103211,101856,111875,114162,95890,66342,96529
9 52377,22463,9418,4871,3505,6494,29962,59205,82913,98183,107701,113459,114310,112122,112794,115785,124260,85088,83948,95507,102154,94079,64740,120691
10 46233,15082,6910,4703,3420,6436,31052,61505,87378,95393,96242,104270,105935,110308,113628,127388,130157,87679,79697,90414,91694,81165,53851,100937
11 51643,25121,12430,8484,5552,6156,17716,44963,70020,92840,101014,112773,108790,107496,104449,106988,122002,90992,90425,99096,99888,87806,63123,99700
12 70290,28925,12863,5305,3877,7130,33140,60434,109466,134367,150359,162903,160577,154681,156044,156762,182119,126744,124780,139012,136258,120645,81984,159230
13 29589,13734,6522,3529,2461,2441,11863,24234,37723,46270,52052,56957,54444,53758,49335,46047,53333,47943,49203,52761,55912,47428,35698,55173
14 45765,20764,9662,4064,3236,6888,23777,45379,71779,88894,100520,101764,104793,108141,108533,114289,120356,80582,77994,86560,89847,82336,54872,110890
15 40700,17484,8686,3869,2709,5465,18518,45244,69030,89495,97606,98639,100000,95528,92748,96734,105611,75334,72877,81200,80603,66270,45770,78448
16 53147,22190,9002,5432,4942,10965,70719,111057,143543,161241,169793,170148,181266,172622,199194,208252,238026,114134,123535,145802,170426,126757,71134,131503
17 58319,24583,13933,5414,3395,4878,22416,51901,86809,113024,132791,138459,137572,133116,132092,145807,158679,120128,115914,131726,126791,107686,68334,110796
18 42692,18164,6447,3245,3167,4646,14632,36032,57081,78007,81261,87691,81540,81587,81479,84313,98416,72350,68900,74098,79396,67063,44111,82753
19 51761,20882,10651,5812,4472,6866,27791,60907,94925,130925,154941,158729,156426,148463,133843,138904,150854,112561,120048,124592,117122,96605,61324,92076
20 57658,25779,11285,6566,3497,6719,29443,57121,86830,106614,116429,119683,116034,115532,113577,118764,134011,99421,95865,107740,107062,93249,61952,120668
21 40428,15206,5328,3168,2544,4005,15010,34648,57316,71104,78443,78188,75865,79875,74369,80564,87113,60959,61741,67146,66846,57631,38601,76580
22 41409,14970,7196,2996,2969,6621,30826,61854,82495,91264,100230,100658,102767,111609,108994,119348,130374,69449,71144,78447,80418,72663,44093,97334
23 29680,12505,5198,3260,2218,2210,8143,18262,33154,49078,51302,54354,54646,54668,55217,52418,58247,42457,42647,45481,46571,41456,26627,49880
24 39512,15498,5900,3269,4020,7111,21438,44361,69884,81263,86179,90029,88761,92284,93070,91271,107537,68330,67340,73723,73563,57130,41980,87996
25 62060,30590,15556,10258,5525,8091,37860,76857,115216,130606,147489,151683,150984,157908,158265,168810,186125,111005,110290,115259,126412,107144,78250,151223
26 30527,12482,6767,2878,2284,2800,15088,31072,46636,55511,57905,65210,65127,63065,62794,63494,71076,49424,44423,50845,51615,48091,31842,58999
27 34190,14647,7085,3605,2212,3295,14108,29656,47667,59604,69584,73494,71910,69373,68878,75715,81986,60116,60780,67691,67262,59646,38033,66490
28 49664,23692,10895,6721,4091,8390,31289,56795,92791,102824,117454,120006,118085,119152,120666,128745,141097,87992,85850,93523,95803,80910,59587,112830
29 47572,20785,8502,3546,1696,5122,21689,43979,71782,85335,91958,98898,94239,95583,93353,97870,113496,77322,74344,80368,82523,71795,49728,109353
30 57931,30752,13752,7059,5052,7152,28908,51664,77328,86167,99246,106835,113022,110577,119968,124954,132719,94068,97616,107434,109703,97193,70910,113869
31 61489,27901,9911,5931,5300,7091,32326,63921,107470,144607,166448,176449,175718,166095,172186,168706,185955,139851,137513,146200,131949,105969,69535,122435
32 16537,7368,4183,2016,1704,2223,8001,14347,24095,29506,32618,33639,31999,32415,31740,32307,37584,29226,29928,32510,35181,30684,22984,32081
33 36505,14645,6631,4304,2665,6996,31081,59205,79006,88615,92308,101174,98623,108651,109923,117977,126761,72143,65942,67213,74230,63199,46918,101343
34 29418,13420,4129,1746,1438,1491,6821,16454,26190,39235,43715,45416,45503,42103,43856,39160,39138,26086,22246,23704,24503,23258,20795,26589
35 22283,11186,4445,2961,1587,2677,7315,17895,29626,42044,46984,52353,53462,51211,49544,48177,54943,36857,40154,46549,44132,36608,26341,40668
36 34608,11885,6540,3215,2153,5849,33196,58562,77588,83584,84984,89084,89690,92476,102155,104259,111684,63992,64935,71387,74007,65418,40516,74331
37 22815,11276,5972,2357,1821,3622,10544,20860,34413,45045,51233,54616,52125,50338,49885,48797,57188,40573,42485,43995,44525,37762,28825,43418
38 37114,13045,6428,3295,2849,3278,14586,32473,60166,78734,86009,95255,92505,88371,84063,85445,97672,75552,76409,80874,71407,59233,40679,68139
39 33173,11869,5191,3393,1912,2518,9700,26478,48072,62800,73366,74744,78241,78688,72115,74951,80513,58733,59361,68362,65696,56904,37175,59542
40 76086,34588,16324,7870,4397,9842,40126,77679,112132,125896,144732,150843,150733,159958,164973,175093,189094,112059,111278,126408,127613,112432,79514,162303
41 34224,10515,5404,1677,2600,9051,47501,79596,109421,120482,125708,133224,136092,145702,150415,166906,181045,89971,87999,96881,126072,83991,44830,79413
42 32747,11894,5761,2556,2263,3675,12316,26619,43145,58762,64604,72401,70647,64290,64698,61705,66307,52461,55315,61231,58598,48366,32498,50471
43 27424,12492,6724,4054,2986,3368,11013,20883,34222,47648,62130,63040,63714,58998,57632,58458,65656,45878,46048,49390,48441,42899,29159,53621
44 29040,12417,4946,2547,1119,1986,9810,20101,37701,49033,53593,54974,56372,53594,53199,55438,61785,45783,44258,43873,46664,37603,26635,57655
45 56748,24774,11628,5497,4052,7332,34038,59696,85182,98510,107355,116483,122496,122626,129626,136476,140715,87741,85576,94963,99412,85118,62192,131337
46 52917,20867,10817,3728,3128,5333,21961,44936,77167,91164,107390,106676,107479,108973,103006,101682,119617,82678,83425,89054,93443,81160,55404,112922
47 43205,16098,7402,4167,3684,5433,28491,50356,63330,69860,78010,85600,93317,95513,98855,99899,104150,54707,52740,59571,65339,56028,38732,99180
48 28035,10837,4731,3319,2859,3815,11087,23391,39724,54486,58144,61557,56554,57919,61930,58669,64242,45101,43922,48198,52932,49931,34210,61895
49 50644,24472,11377,5508,3029,6748,32673,58477,82593,101803,112579,114490,112772,118039,119630,121822,130263,87659,85935,103596,109766,95523,58761,104316
50 29734,11220,4817,1945,2872,6208,34196,55278,79632,95114,102898,104592,105063,103961,104845,105775,120147,75942,75993,91868,91717,73225,47232,75605
51 22314,9190,4636,3381,1417,3044,9904,21259,37834,54105,60688,65366,64539,63260,59158,61537,66195,46114,48467,52477,44312,38806,28282,49554
52 50810,21245,8532,3216,2838,4378,17838,35832,61150,76241,84882,84988,84457,85394,87990,92503,102804,73268,71340,77264,78307,65718,49591,96173
53 20894,8447,4982,2396,890,2229,18754,98554,177720,221788,247334,250674,244553,215731,215862,199129,189132,129423,90242,85242,89978,72596,45968,44738
54 31796,16366,7051,2999,1389,1455,8871,21414,34674,46168,58079,58129,57542,56835,55140,49151,54150,36972,31403,35612,39487,35467,25665,41573
55 38235,12048,5549,3127,2622,3984,21950,45214,69318,76924,85530,87394,92056,87640,91349,96988,105770,74511,68672,72478,75836,67972,45136,83636
56 19337,7483,3750,2484,1792,2279,12502,24239,38477,46063,48495,52238,51240,52461,56156,50155,57666,38539,38628,40464,41546,38022,23836,40545
57 32328,13229,5246,3120,1980,6552,36391,63154,86328,105319,106858,114282,113909,111563,123340,118717,135071,67964,64448,79506,87636,72443,47632,94206
58 21205,7755,3444,1884,1191,2177,10707,18675,33863,45137,45988,48039,46995,51667,48007,46478,58484,41374,36993,41555,42229,34396,22909,39356
59 31724,9682,3514,1829,1152,4435,25013,45393,61710,70867,79247,81993,82872,80302,88164,90775,98883,48859,46214,58472,63815,51900,33515,75379
60 15884,6424,2263,1110,1435,3135,12273,21987,32629,44758,47848,48706,49056,48452,45813,45110,47858,30783,31866,34447,32809,29470,18836,38623
61 47775,23458,9407,4641,4282,7706,27479,50495,74980,87380,98532,101117,104096,110077,110442,121074,125795,79934,81109,87804,87884,75940,53792,96353
62 10712,4034,1077,549,278,890,6910,17099,26100,32934,37076,35374,32655,26250,25615,23756,24887,16426,13683,13185,12891,10752,6228,8862
63 25852,8417,3258,2501,1606,5703,32037,52180,67047,69156,70834,84600,88354,97595,95752,103572,114623,55028,53262,58136,75042,52887,28166,62496
64 35676,15019,6536,4185,2078,4704,23311,39826,59830,66913,73398,81167,82876,86136,86769,86877,97639,59679,55527,66534,71365,63255,39687,78490
65 29981,11939,5588,2731,1948,4538,17604,34872,49564,54515,61464,62584,66941,66610,63216,67986,80491,50567,47857,53526,54911,45792,29581,64204
66 29698,8793,3468,1338,729,3871,26215,59878,93358,127405,141192,140552,139493,127348,136605,134054,152938,91610,74846,83392,97306,82989,49974,72286
67 21885,10657,6298,1593,688,2306,9963,20481,32884,39667,42893,44697,43802,44473,42788,38292,41609,26367,23384,25980,28745,26407,20080,44666
68 27967,10437,4574,3126,1356,3650,23178,56580,98642,131126,154283,159737,157173,143816,140535,136317,145966,96561,69194,80518,82698,68402,40777,61885
69 78888,35868,14877,7562,5368,10584,52155,90640,127482,139653,152164,158194,163255,175826,181511,184238,201540,116179,109214,123022,131069,114477,84269,184986
70 30063,12614,5495,2503,2655,5424,19179,40078,58883,69441,70367,73680,78411,81820,77038,81418,94824,59885,58301,63454,65950,56945,37998,77868
71 35693,15898,7186,2840,3241,5361,22326,38092,50891,61759,64022,66536,65696,69598,74931,73313,78035,47572,45525,53100,55920,46446,32368,79241
72 17296,6695,2818,1266,1451,2769,14900,33530,50856,55503,59230,60522,60592,55764,55789,56254,56496,37221,37093,46520,50106,45537,30886,39802
73 28768,12926,6915,3055,3043,4567,14906,33745,53982,73047,86531,85826,85100,84123,77844,81053,90996,71988,69896,76494,73132,58058,41248,62106
74 21980,7545,3409,1197,1688,5767,20129,34707,49471,57603,59532,60690,66009,69772,70114,72006,67627,43262,47240,51346,53675,45757,61951,62076
75 17422,7223,4313,1810,496,2454,9363,20083,31713,37415,40420,41050,43632,43470,41269,44451,48709,32884,32087,34492,34346,27055,20130,39833
76 36151,13401,4746,2959,1493,4908,24907,47615,72684,82556,91635,93679,98636,95502,102744,103025,119253,62406,61710,69503,81853,69769,47950,87731
77 27719,10556,4031,1706,1779,4998,29008,56272,83334,104003,109803,109054,109512,98595,113321,114827,122475,79845,75594,89117,100188,87683,46444,62767
78 38895,12869,5652,3028,1785,7049,31900,58421,75859,83945,88419,92724,96592,93416,98057,101882,117060,58522,61067,71377,82022,72718,45871,92505
79 15936,5884,2472,1300,1397,5103,20322,33520,40533,45914,47945,51160,51309,54676,54743,59212,65266,34691,31878,34052,40147,33007,21424,41325
80 39976,17123,8364,4602,2917,5216,14445,31576,55622,76010,90337,97344,96873,88165,86364,84837,97712,80759,78856,83260,75053,65851,44419,62973
81 24496,10419,4944,2083,1460,2227,11955,27351,39205,44420,46390,48114,48436,48498,48484,47715,52285,39062,35407,39809,41654,36850,24420,45053
82 51285,19157,9430,5796,3306,5685,27081,56943,88897,106143,116974,126216,120354,124086,127056,124715,148219,97010,93126,103120,105988,95971,64675,109313
83 35716,14533,6811,3321,3043,3580,13391,26833,44353,63839,74345,79718,78109,75978,70899,72720,84550,63422,63026,66970,65986,53766,37889,55181
84 9929,3267,1232,346,492,3677,13392,22918,35541,42282,41991,44731,46256,48278,51942,48953,37141,22479,26632,32307,33258,29659,31448,31506
85 43430,17894,8977,4742,3338,5747,29983,58763,88598,107275,115908,121467,125125,117355,118521,120128,132385,83911,81615,97192,103671,84533,54622,112876
86 31162,10311,3888,2821,1967,7627,46921,75595,93315,103329,101849,105697,103478,104599,114250,115427,130101,68832,66458,85694,100156,83473,48952,89671
87 20773,6980,2640,1218,1451,2869,13201,28301,42161,51123,56751,60111,60850,56226,61198,64010,69618,33221,32887,35807,36333,29829,21071,48657
88 11831,5326,1952,1416,833,1952,7771,15264,24367,31610,35933,36047,34957,33784,33782,32396,33259,28703,26894,27608,27638,23623,15833,25541
89 49433,19349,9191,3103,3022,8341,43071,75220,94579,115485,116909,127355,128715,130073,137509,142000,160989,87348,82096,97225,105341,89304,60660,121445
90 9178,2675,690,663,415,1787,8004,14935,23624,29803,27650,30028,31570,33904,32211,32725,32284,21422,23188,28356,31129,25436,27796,27057
91 11631,4852,2122,836,835,2324,9184,20145,26541,32571,33660,36437,40030,37892,37146,41316,38311,23911,26553,29783,28200,22212,27851,27860
92 28318,10621,4405,2125,2332,10806,54058,88072,107380,108789,107325,115048,117772,115444,130331,129979,150224,67997,71775,96217,114391,91396,51170,94937
93 16050,8053,2790,1533,1682,1186,6564,13914,22118,30491,33589,35027,38624,35785,35996,36616,37055,28252,26595,30491,30762,27483,19006,36571
94 39107,15451,6239,3087,3266,7157,43421,83490,125602,150388,161286,167508,165080,153160,160924,159911,174856,105442,92047,109588,116832,96844,54019,93360
95 16296,7402,2851,1319,820,1620,8541,19374,27420,33215,34917,34187,33443,34711,34777,39332,42684,29999,28165,31153,33448,31549,21332,32818
96 23457,8074,3544,1544,1167,3389,14902,31569,44891,58451,63328,63243,60732,55822,59705,57678,69162,53971,59278,80932,90490,81055,44615,54847
97 23240,9918,5282,3404,3060,9614,50781,86916,108420,117269,116558,105519,93820,99039,127432,114038,131037,56316,56932,77371,60766,59944,44211,80620
98 19674,8028,3302,1344,1333,2017,7354,16847,26918,37165,41734,45160,47187,42518,43310,44447,50755,37372,37445,40914,42305,40289,25628,42643
99 14867,7916,2508,1084,396,828,3779,10119,16715,24395,28106,28577,30877,29393,26626,23922,24610,18021,16630,20815,20814,21372,13642,21374
100 20034,7328,3051,1717,1767,4689,24767,41973,55881,61301,65641,66379,65706,71094,71117,76944,83367,44758,48734,50596,61978,47163,29200,59758
101 16592,7372,2312,1529,1724,1434,7098,14172,23672,31700,33145,31102,34608,32877,32825,30423,36534,30452,29015,31609,33597,31361,23615,34091
102 13826,3792,1810,725,1288,2903,18142,34705,45752,51447,50784,51004,52604,49440,54320,51653,59840,34647,31972,44446,55394,42851,21713,36149
103 21442,8560,4120,2234,2254,6687,36253,75672,113896,144382,154087,157434,150704,135846,144792,148963,161918,98619,86518,92758,95556,75002,39563,55570
104 20033,8135,3645,2157,1956,4272,21993,38256,49043,52999,63238,60937,63423,62463,69132,73410,81807,46021,41769,46947,51012,41924,27142,54198
105 23412,7812,3988,936,1658,5810,15909,35099,45041,54518,55808,60877,65788,63169,64486,66427,62534,42075,44359,46433,47535,41466,55534,59276
106 18628,7507,3421,1736,1148,971,6942,17914,35149,44504,52786,56526,55805,50218,47184,46449,56895,46432,45820,46338,46987,35387,22410,31458
107 6888,2682,1159,914,727,2434,11118,19287,29888,34534,37396,35057,36640,33858,34862,31997,28019,20025,19999,20842,21120,16966,18229,17910
108 14717,6879,2494,1549,1202,2255,16663,43306,68093,88325,100465,101695,103124,98738,98751,101119,107450,67050,50088,47779,44983,35588,20686,32531
109 37885,14570,6825,2922,2092,7212,23270,48882,70530,85472,100173,99379,96715,95871,95180,101051,110873,82765,82626,93151,100988,76899,49422,72068
110 11863,4518,2771,1066,921,1144,6481,12058,17995,22086,29568,30524,30292,29538,26456,30308,33496,27036,25815,28184,27054,25410,18589,31012
111 27642,13794,2749,1074,560,818,6050,15221,21550,27002,33318,35024,32698,32791,27311,26165,26328,16414,16522,18139,17978,16547,14202,13193
112 18866,7376,2433,1010,1029,2807,19217,29585,36684,41600,42946,47111,50334,54921,55270,55052,64563,38635,36188,44969,46083,35138,23994,41050
113 13669,5782,2204,1469,1274,1999,14379,27096,40181,44964,49737,51240,46770,45192,50108,51877,56638,29579,28426,33868,40476,32119,17708,37218
114 52044,18264,7582,3692,4781,12202,76514,105655,132437,134141,134445,144344,137447,152040,148573,163854,180283,90981,84406,108456,109968,107810,62551,120400
115 73050,26966,13496,6176,5791,8429,34403,78559,118762,144048,159612,160351,163037,159813,166893,174948,189743,129975,126265,142646,148447,130688,88424,156082
116 34238,12785,4594,2931,2557,7456,38915,67341,90307,104749,111919,113002,117165,115193,131075,136339,156911,72102,74484,83131,96715,77282,45529,89678
117 16408,5460,3034,1214,537,1616,7764,22621,46116,65524,76854,82451,76662,70296,66213,68217,71342,57259,59155,76349,81787,67645,43591,42228
118 21240,5921,2801,1741,2098,5087,19825,35556,51877,63195,64224,71152,65560,66846,66426,65679,62913,40851,38558,48954,54293,43736,25074,50847
119 14205,6123,3251,2220,2440,4719,26437,49807,62073,67998,72676,62534,57334,62290,75036,68271,73751,33376,32402,42798,34373,31271,20716,50204
120 10167,4160,1774,944,912,5671,19688,30867,37815,39587,40971,39129,44215,49056,54139,50191,44767,21865,24006,32508,36274,27374,34477,35641
121 20726,7124,3609,1386,1988,4141,26218,53136,65862,75798,84556,90981,95753,85001,87318,91595,104368,54722,51079,59557,72544,54740,32269,60990
122 16592,6267,3638,1490,822,1164,7020,14840,24669,30540,30236,32288,31941,27609,30036,31017,36285,24559,24309,28775,29479,25979,18854,38814
123 7159,3963,1344,900,823,480,2683,8032,15663,23229,30722,29056,26243,22672,18301,16335,13883,11079,9716,10567,10133,9480,6052,6598
124 18715,6791,2720,764,1346,3062,10348,18297,36279,44092,50697,51303,49333,44750,47920,49065,54814,36028,35954,40516,38125,31775,24538,46815
125 33634,11966,4627,3036,1975,4660,26077,47481,65653,80360,81966,84249,84335,82613,85138,85474,88154,71740,63814,89097,100277,82340,50516,69198
126 36664,15783,6178,2626,3320,4888,15566,33951,53893,66721,73162,79487,79434,76514,81180,78928,89393,65019,63028,65958,66302,57294,40639,82441
127 52517,17075,6545,4140,2294,8778,50963,93666,115520,136154,141455,151216,160492,145716,150758,167251,184490,100755,92131,104161,116322,93085,58887,119244
128 26348,9926,4386,1501,916,2421,16330,35025,57302,74636,82426,83744,79940,74678,77316,80051,80137,68061,84476,106264,115079,96706,61907,59729
129 21418,8944,3282,1656,1506,4110,16922,29743,43290,52823,52679,55272,62953,59027,59282,64260,57556,33602,36854,43581,47845,39402,60282,61612
130 23898,8250,3542,2259,1503,6771,30847,54600,69482,78433,77635,77960,76716,78866,87481,88540,94567,49597,45778,59656,69539,55903,32971,65322
131 10174,2885,1582,917,790,2049,12799,34688,56942,80638,88110,86091,82428,74588,79858,78647,80996,50432,34837,30804,29665,23678,14837,20819
132 7769,2703,2154,974,915,2742,17545,56962,109015,145596,160314,158794,153175,135146,135161,122018,108777,64293,36559,33333,30102,27308,16265,20959
133 12877,5814,3119,2083,855,2127,8509,17904,26078,30127,34045,32115,35454,35702,34492,33855,41102,24288,23229,24938,26867,22062,14614,31230
134 25769,10110,6081,3348,1885,2974,13731,28592,43282,50869,56379,59263,57611,54686,60380,62572,65323,43350,39120,46141,50583,45454,34612,64839
135 29504,10976,4161,1544,1386,5109,28638,50436,74650,92428,100904,105248,102207,96890,107167,102922,117498,72206,66274,82204,93590,77416,42096,79570
136 17653,7095,3437,1225,1055,1624,5602,11399,20688,25190,29713,32513,33677,33192,33650,32958,37920,27076,25899,28783,29230,26324,18350,29071
137 12710,5342,2113,996,788,956,6363,9638,16760,20439,22050,22584,22585,22811,22898,24049,27163,16117,14490,16440,16358,15161,9065,27784
138 17619,7651,1855,978,528,240,1883,6206,11034,15932,20442,21117,20619,18057,14048,13159,12346,8460,8783,8521,8863,9986,8664,10631
139 10660,3801,1137,712,693,3360,11708,17694,22107,29374,26485,30997,32404,34376,35221,36443,35000,20486,22924,27104,26552,20441,32034,35815
140 11064,5366,1397,779,613,2735,15992,30458,39398,44937,45145,45493,44317,43343,51046,49827,59946,35180,30687,37829,44496,35351,18166,27554
141 8994,3708,1556,392,257,848,3142,6072,10100,14374,15308,16181,16603,13044,14905,14388,15164,12593,11956,13459,12138,12404,11056,12704
142 13249,4952,1769,815,590,2780,9416,19260,27437,34465,34150,34091,35290,34996,33553,34102,32457,21157,20842,25155,26619,22808,30375,33381
143 6453,2428,1194,404,591,534,2166,7700,10085,14018,15337,17171,14852,14803,15214,15276,15760,13084,11900,13673,11426,11051,7834,12922
144 7594,3046,1440,410,302,907,4536,8930,12607,17931,17045,18479,18404,18878,16994,18073,19805,12934,11774,13979,10811,11191,8444,13381
145 6902,2602,1111,153,227,948,2725,8084,12865,18073,18120,18117,19417,18693,17202,18140,16608,10243,8620,8936,9811,9351,5228,10954
146 7621,6005,2181,735,1111,1051,2798,8701,13405,18526,21553,22608,23195,19387,17384,18087,18313,12371,11496,12268,12361,13218,9376,8771
147 2913,2321,949,212,178,572,2735,7778,11225,12758,15503,13593,15965,14724,13748,12709,12924,8667,8480,8042,7778,6356,4141,5757
148 5571,2525,1105,515,465,1852,9366,23853,37639,43424,47498,48489,47091,45417,45259,46205,47018,30407,22081,19749,19161,15561,8048,12116
149 18462,8198,4275,1639,324,923,2767,5034,8997,14213,16551,18336,17778,14786,12421,10424,11034,8809,9658,13540,15944,17342,12074,7899
150 6401,3708,1220,378,422,1522,3114,7955,12631,16134,19360,19104,19511,16820,17042,16258,14267,9569,9770,11108,10046,10436,7114,10918
151 80903,36508,15971,8872,6591,10267,33956,68281,114069,143750,152649,158494,144469,143347,143380,144842,173038,116461,113971,129736,128149,110252,74805,155549
152 50316,19956,7631,3738,2431,3629,14102,39574,63517,88552,105188,112530,115534,110945,106554,102564,113226,82514,76929,81678,82314,67873,44409,79931
153 27986,10695,4121,2541,1338,6135,29717,53558,62884,73463,74248,82438,89341,92357,96929,103791,106238,46233,44022,58888,61750,55018,35316,71976
154 4752,2008,994,403,665,925,3254,7396,10430,14972,17425,15695,16585,16805,16877,14966,17877,13371,11309,11985,12434,12716,8744,12242
155 3306,1029,532,410,195,829,5294,11467,20333,29604,33051,32105,30454,29557,29212,28670,29070,19022,14277,13000,14496,10874,6682,9233
156 41959,16646,7104,4693,3399,10549,50873,74699,91595,97824,105847,109790,120660,120772,135829,145104,152485,66121,65575,79735,83417,74256,45417,103737
157 49496,19600,8508,5856,4326,6850,32421,65581,92843,111485,121214,116922,113999,108427,125730,111412,132066,87546,84026,105111,122880,106010,66617,107456
158 12066,5838,2698,1039,588,588,3847,8017,14335,18301,22503,22394,19838,22657,18840,18146,19314,14468,14159,15059,15499,12873,8597,11508
159 8394,4890,552,186,61,162,776,4709,11608,19568,25533,24810,20979,16042,11851,8797,8006,6850,5846,6495,5876,6325,3817,3029
160 3411,1362,754,188,230,1018,6191,18250,29058,37461,39152,36999,34267,28129,29354,28992,33908,24875,18056,20365,17567,13488,7087,6215
161 11037,6807,1033,86,28,372,2340,6425,9907,14276,17594,19512,20897,15286,11947,10104,10473,7231,6291,6652,6384,5980,4551,4018
162 2734,2421,430,52,97,37,1130,3187,6044,10313,13179,13569,12945,10219,8772,8302,7767,5298,3834,3760,4292,3500,3200,4455
163 47689,20962,12411,4886,1746,4696,15078,43149,65885,89255,103584,103213,99855,97615,95785,91538,96908,81389,77896,96526,101399,91613,62536,78837
164 3368,2299,955,281,97,93,827,2107,4029,6703,8104,7989,8755,6234,4572,5815,5930,4076,3731,3874,5880,5193,3203,1936
165 24279,9417,3288,2167,1404,4112,22429,38775,57449,74409,85405,91836,85242,81996,75290,75603,88769,58329,54866,61388,55891,46296,28469,51727
166 7571,6533,805,208,82,253,1023,3015,6772,8981,11464,12628,12959,9431,8065,7945,6168,4722,4589,5115,6943,7032,4467,3117
167 14606,12425,5098,1519,767,801,1910,4687,9194,13332,20298,21718,23413,20569,16551,14066,13627,11161,11320,11347,11562,10304,8404,6254
168 9217,5869,1812,433,162,193,1589,4295,9704,14724,19672,21829,21313,16899,14698,12090,11014,7334,5216,6398,7926,9350,6431,3958
169 9936,6257,3378,1190,582,1060,4552,12696,22330,28445,33282,35642,32544,29575,27211,26679,28330,22610,20746,21658,20165,17970,13160,17049
170 3982,2086,821,241,153,892,7706,16755,22423,24986,23454,23691,24180,21887,21594,18251,18984,13359,10198,8450,8708,7384,4879,7292
171 14689,6849,2874,1438,1258,1578,6903,14406,23362,35005,37536,40081,36431,35555,34391,33384,36873,26814,26267,30881,31139,22963,16240,27299
172 38313,13809,5992,3010,1693,3876,19921,41513,64712,77692,88862,95638,97434,87182,90451,94658,105853,77650,72313,86683,95694,86092,54277,82577
173 12293,6228,3301,1701,580,1175,4603,11334,20006,25840,28227,32908,30096,29019,27118,24375,25746,22370,20142,22355,23987,17901,12236,19338
174 4413,3334,989,168,41,170,835,1570,2882,5157,6237,7463,7022,6655,5565,6460,6140,4799,3316,4086,3558,4153,2814,2813
175 62172,29486,13254,7705,6264,17061,61420,108391,136390,154749,149406,165400,173572,181834,185834,187422,199695,123046,123757,143797,144421,114549,98138,132477
176 48686,25761,10948,6463,4404,8714,33628,53886,76406,96644,105683,114036,120378,112326,111507,114098,116253,84810,90886,106498,107347,92279,90248,105794
177 2399,2154,715,197,14,49,803,3280,6650,10287,13470,13585,11659,8883,6382,5864,4926,3618,2699,3015,3458,3424,2203,2474
178 30597,12803,6661,3347,1642,3119,14623,32957,55728,70291,78362,83154,83968,80648,79554,75939,80450,53408,54583,55694,57561,52078,31016,60842
179 42009,17922,10155,4668,4117,9426,29612,57829,83413,105510,115870,123709,113866,116798,115353,114200,124136,93963,93147,108374,119569,101648,91955,94414
180 25663,9657,4909,2623,1384,4478,13036,28422,48068,57320,61956,66761,65618,65133,63578,61907,71029,50366,49801,53119,54920,45531,26008,46323
181 31694,14050,7062,2640,3057,7168,21765,41446,64964,82962,87708,93176,90461,88166,87440,85476,90700,70052,73130,88208,92926,74242,67188,73380
182 24061,10946,6146,3049,1736,3906,14019,27519,43937,56174,62240,66531,62977,64106,62134,60372,67830,49457,50607,59143,59827,51586,47801,53119
183 12043,6314,2896,2207,1341,2136,7646,13960,24176,34968,40031,43554,45759,42730,44426,44784,45410,31114,28178,27860,26140,20871,22605,23317
184 6658,2348,1009,338,576,1848,7251,18556,27395,35976,40528,43302,42115,36079,36690,39040,39560,24113,17866,16950,17436,16388,11890,13554
185 17370,6754,3741,1809,2656,6046,25024,39613,49250,55703,57534,56994,65866,63796,70624,74571,77829,44192,43844,47357,46162,37232,31486,41595
186 21747,10996,4326,1709,1782,4681,19320,31804,45875,52905,59026,61155,62320,57599,61037,59550,65194,44577,47666,53595,57078,48548,42197,48216
187 44400,19802,11516,6300,4653,8599,27244,57902,89214,117551,131131,137689,141346,130150,126912,130883,136070,100430,102077,112477,116515,96757,87656,100938
188 12666,5956,2741,941,968,1061,6844,15901,25520,37842,42393,40679,43702,42925,42282,39020,45305,29148,31480,31292,30304,25702,18748,32102
189 16758,6439,3446,1823,1445,2424,8696,20074,34985,43478,51094,51770,50952,51930,48457,48873,48188,35206,34019,35043,35962,26960,18645,33419
190 14559,7825,4349,1680,1154,2082,8858,17588,33178,46001,53571,54007,51098,47062,42892,44253,46448,38504,36054,36616,35796,28355,19208,29997
191 53394,24803,12478,5550,7438,23020,87070,120688,151878,158070,154588,165417,175041,183523,193150,199367,204168,108232,116740,144585,143823,114490,99116,128621
192 27794,10485,7327,2852,2377,10767,39972,63689,78135,76698,80504,88348,92608,98063,91810,93847,94443,53901,59947,69404,67810,56784,49993,70950
193 29689,14390,7566,3244,2482,4433,19786,36214,53348,73386,86228,91786,91027,89772,95515,98314,109796,74183,67726,76463,76369,65067,43724,66514
194 18837,6751,4099,2497,1622,2532,13006,24012,34054,43009,50165,53471,53516,52898,49958,61577,64065,42236,40920,48798,53695,48028,33449,44623
195 19647,9128,3585,2060,1532,1864,12385,30053,44303,57447,67820,73704,73657,68955,70624,72058,81994,55656,52468,59973,56270,44020,28687,35759
196 7009,4234,2494,1504,964,1676,4711,9953,14178,18564,21076,23046,22354,22446,24528,22389,22898,17637,19129,19045,17254,13386,13434,11237
197 485,535,136,23,8,10,275,1148,2022,3545,4274,4208,4217,3344,2829,1925,2252,1621,1515,1640,1654,1246,1099,983
198 1047,422,107,0,1,0,120,595,901,1632,2984,2508,1498,1316,1204,690,1253,473,611,702,513,464,363,557
199 52128,27000,12823,7122,5220,11458,47583,73387,94596,109876,119451,129467,128731,140063,139114,138799,155230,93576,99922,111627,118441,103087,91082,130744
200 87431,37825,17441,8932,9377,16364,79593,132679,188542,215515,221762,234638,241157,249087,247470,246665,264296,164115,160913,180680,192041,156630,149946,212171
201 62354,28210,13097,7890,5514,12206,47580,83534,122455,148254,154898,165180,168367,169675,170474,179080,188693,121307,129721,142172,141017,117689,104230,146581
202 50524,23096,10794,7200,4631,13738,56708,97231,127230,143150,152164,152334,151767,164910,165856,164116,177320,101391,103010,120628,127231,103372,98658,124302
203 74630,35866,17246,10004,8656,20660,81326,130348,177119,197617,208306,215105,222206,229156,237908,243664,264090,156728,156127,182096,188509,156474,146649,203778
204 54835,22298,12508,6668,5413,12704,60206,100190,134240,155380,157680,155076,163281,169990,178168,179216,188356,103784,100090,122204,128002,104119,99992,137355
205 47838,21099,9832,5378,2470,8373,32494,63136,92219,105213,110989,120704,118602,127934,125620,133801,146177,88264,93794,107797,109953,88294,79038,105462
206 48122,21794,10089,5124,5535,20334,85946,108683,137478,155457,153313,161250,164981,175936,183410,193943,192930,104960,105982,123343,134576,109385,107705,156606
207 69892,37589,16811,8977,6883,16636,64462,106250,145084,162925,175053,175691,182595,186184,186156,192858,201459,121975,131109,143182,150227,129672,124127,176226
208 50046,22133,10864,5617,4841,15409,70325,104344,128313,137980,146231,150303,158792,167949,170637,174297,175187,101093,108251,120892,125515,100790,100890,143497
209 58076,27449,12596,5723,4428,9837,38545,63562,92571,109424,116743,126064,132509,137402,139155,143221,147981,100999,102914,116580,114623,93296,86499,132154
210 31759,16520,7376,4569,2615,9115,35889,54426,80012,88756,90962,94147,94874,93810,100244,106891,109452,64313,63758,72332,76263,65512,61409,87125
211 28200,13688,5823,2633,2424,6780,33675,54822,72453,78442,79450,87519,86981,89590,91870,98856,100041,58548,60438,65926,70822,56863,54800,68950
212 40382,18052,8642,4135,3118,8530,36954,63489,91016,98897,106877,112856,112176,115590,119672,120157,129709,76715,77205,85112,86228,73076,72400,103736
213 36168,13375,7618,4781,3030,6192,31480,46990,61718,70811,74559,80724,80153,82308,82625,87836,95833,56861,55154,64821,65933,53888,57003,86158
214 45071,21440,8967,3678,2684,9224,40804,70102,94212,113138,117395,125398,128602,132690,129144,134690,142183,84560,89172,104379,104389,86510,82828,108900
215 31029,13663,7639,3300,2577,5992,25409,46326,59428,66670,73319,76663,76459,78813,78271,84007,88338,52861,54541,61048,64403,53778,56082,79500
216 51484,22057,10755,5108,4077,9590,46202,73591,102505,124268,129009,132071,141528,138454,143171,150922,153510,93884,98801,114755,113780,95099,91041,126971
217 46827,26296,12316,5423,4777,8728,39927,69936,87245,102913,113171,119886,124864,133934,134911,133101,141022,87377,91102,101937,104629,84736,81795,114369
218 33927,13357,6148,2779,2720,8268,34554,50640,70803,77804,82201,83997,92591,92470,93489,100021,99687,57839,58936,66968,68853,61127,60046,83160
219 25281,11120,4907,1598,1729,6424,33289,53115,67998,79574,81952,80370,84953,89822,97382,94021,96843,52954,51792,58774,63041,53831,50540,67424
220 19917,9477,4825,2244,2340,7070,32058,48266,56732,58914,62327,65720,66935,70702,70456,77995,78335,39202,41214,49524,50353,41954,42325,57113
221 19612,9054,4388,1931,2162,6756,24618,37178,49530,57780,57757,62494,64263,72333,72984,73441,77598,47146,44814,48180,48113,40363,38394,50386
222 29284,10736,4363,3976,2822,6606,26478,46158,66013,70466,76823,79588,77560,79048,81215,84739,90575,57638,58515,66235,65436,56548,48186,65206
223 29141,13242,6038,3659,3558,9060,32109,51822,65584,71496,74498,80419,83980,87133,87788,98898,95351,58056,56960,65647,66562,53022,54793,77368
224 14531,5703,3855,2988,1894,6367,28686,41728,55078,62833,65449,63532,60526,56266,67497,66742,64093,39346,42222,55843,62526,50012,35823,45826
225 19068,7365,3308,2693,2056,3841,15796,27959,43450,50007,50892,55540,56656,58058,55402,57357,66030,36641,35718,40390,44078,37291,34683,50583
226 45218,22286,11690,4441,4697,10738,40089,69253,104586,118914,128365,132519,133801,132228,137497,144778,154956,89190,92411,101337,105624,92544,86959,111189
227 18560,8992,5141,1942,1480,4546,17205,29147,38892,50048,49755,51281,51946,51018,53452,58184,55014,30457,33744,38311,41980,32886,32273,43302
228 27510,13319,6698,3097,1877,6574,24514,46063,66474,76690,76406,79360,88487,88204,91084,94500,97933,53054,54298,63593,63985,54511,50866,75331
229 27676,13389,6790,3807,3014,7655,30051,52516,73787,83612,91899,91711,92265,93539,93485,103779,101480,73513,69794,79075,76004,57526,45208,57789
230 13866,5462,1546,824,1013,3228,17375,27306,35439,38148,37815,38361,43636,45313,48405,49459,51480,24359,25594,29626,31634,28406,25369,35557
231 3774,1213,655,136,89,157,167,716,628,1232,1322,1422,1153,1299,1464,944,619,1039,989,1668,2464,2732,2153,1717
232 22581,9468,3575,2079,1381,2837,11968,26398,39699,46106,51906,53604,55673,58114,55907,59317,68714,38568,35833,41968,44556,38171,25795,47182
233 3918,2174,1112,703,362,402,1976,3989,7188,9705,10841,11632,11315,10542,9312,11014,14202,9306,11399,12963,12058,9760,6742,6986
234 116653,49810,24657,12125,7932,22977,101974,163835,216653,256427,301069,313048,332206,335749,334326,336941,364880,220820,213230,243198,253719,211900,189084,265018
235 48648,19115,7550,3956,3085,13688,69395,106401,140181,166490,186344,193956,198179,189955,192888,197180,209847,117022,111587,127384,130860,103531,89116,131658
236 45757,19207,10052,4457,3369,8381,32703,53412,70520,91944,103477,112360,110929,111563,113089,115357,123128,74037,72966,86726,90217,77166,73707,106301
237 23810,12648,6923,4225,3074,3304,9126,13842,22219,25054,29186,32903,34349,34151,34106,37300,41490,25582,25573,29682,34366,31091,31873,45190
238 38108,16187,8879,4476,3462,9644,39770,65088,82916,100318,118259,120131,122487,122821,127671,128568,140908,79570,73202,82481,81636,69888,70149,96252
239 25554,10617,5208,2152,1333,3404,22911,57982,82049,93976,102412,102765,100651,97417,99259,98562,105950,70756,63153,64723,64123,53689,32138,47725
240 14754,5042,2594,873,781,2579,13724,27501,38612,49450,58282,60076,57982,58111,59844,65335,70414,48711,48606,60154,63131,49990,28663,33234
241 2998,1120,914,393,226,665,1553,4194,6160,8361,10805,13001,12178,8658,8974,9340,9930,7544,7208,7920,7336,6059,4165,3749
242 48070,19440,8661,4606,3514,10243,52271,87501,120216,152203,169341,177328,179473,174183,175407,172383,197702,119162,112437,138838,138044,113070,99198,130547
243 22732,9947,4173,2390,1819,6829,29482,45069,59792,69095,77101,81954,83490,86300,86176,86237,92418,51678,52074,65174,65330,55814,47756,72275
244 16472,6761,3148,1366,1533,3909,19761,33664,46348,59620,63121,63950,68569,66988,68797,68691,75761,40806,41056,50650,56324,46669,33447,54698
245 11281,3924,2124,842,996,2688,14606,23751,33146,38608,43291,43039,45402,43164,42816,43375,46826,26866,25851,27759,28094,22610,19494,29973
246 12744,4676,2142,1492,565,2382,14573,25228,35102,43472,47837,49723,49041,51682,50493,53714,59092,34389,35136,40373,39880,33736,27642,35306
247 9354,3240,1602,678,487,4095,18636,39969,55977,68895,79068,82251,79580,76275,78777,80192,80601,49363,44388,44628,39306,28179,22792,27597
248 13816,6305,2755,1284,845,3439,15698,30522,43436,56179,57168,60719,64776,62979,62510,60125,65603,35073,34086,37105,35030,28488,25813,34964
249 8527,3434,1631,510,473,942,5210,10675,16309,22343,26275,26643,28022,29328,26681,29537,30162,20974,20568,20876,19278,15619,12010,15393
250 8452,2549,1353,481,464,3855,18810,27451,34006,39084,43552,45142,48238,48308,50644,48887,49513,26540,25367,30078,32404,23445,23547,30340
251 9410,5173,2184,1422,956,2029,6103,11868,17775,26273,28061,29373,29902,31092,28793,29433,34070,24928,25868,32157,33340,24099,15544,20179
252 4594,1204,335,314,214,1198,4558,9640,16780,19854,23593,20327,20901,18444,18087,20362,19995,12922,10442,10733,10186,8928,7601,11173
253 4330,2043,756,300,401,1855,11273,19726,21709,26122,28544,30258,29012,25183,24521,23065,22029,12243,13103,15809,14867,10401,9082,10704
254 9321,4071,1293,938,812,724,5561,9143,14423,18301,20338,22774,22057,21945,22765,20782,24229,16645,17050,21970,21299,21309,12427,17944
255 32364,13978,6093,2128,2716,10165,41505,65126,75826,90012,100465,104181,105049,100199,95560,98388,108950,57858,56480,70829,75608,62358,51675,81909
256 5632,1600,873,337,297,1397,5358,10773,16097,20203,20472,21070,22275,20357,21264,21044,22859,14037,13504,14590,13712,11481,7632,11140