1 26060,7605,2973,1255,1483,3257,16637,44561,88572,130287,149008,160056,163622,149327,150670,145428,149827,106966,74205,71660,75229,67234,49916,90770
2 38728,11533,4464,2561,2130,6647,34676,76735,128565,159885,169230,157366,156548,144503,150356,165200,186825,133920,123541,132892,140423,132298,89019,149854
3 38822,12562,4235,2566,1918,5799,27724,65545,112588,132898,136405,131361,130537,119135,123286,134370,158910,116867,108543,120810,127486,117775,74337,131375
4 26676,7144,2519,1277,1325,4962,23881,56396,78094,93352,92826,90464,95262,91620,90694,94238,112126,76604,72000,84544,94833,89730,59097,108403
5 37158,8934,4057,2159,2097,7557,28297,61194,88852,104087,102134,98460,92674,87284,88631,100092,122828,80847,75650,89496,101521,96178,64875,131189
6 53121,17883,6217,3463,3148,8683,39675,86925,135590,166061,174115,160695,163607,152618,151955,165498,193588,133075,117456,129575,148185,141216,99912,191926
7 29529,8571,3161,1287,2197,4602,21571,42517,72984,90903,88874,85111,81326,74733,77132,85031,96011,68227,59687,70863,78433,77189,55584,102040
8 35311,14135,5648,2295,2901,5436,25438,65119,118475,153771,163006,151172,146610,130574,129534,135286,154239,124747,109950,110915,113227,101212,68681,105258
9 30654,8828,3243,1546,1434,6546,32421,57911,88311,99999,100845,94828,95636,94114,94369,104123,118260,74730,70037,85408,95468,90538,60944,130304
10 21165,5891,2085,1341,1859,7614,33924,64866,86277,93542,91801,87508,86898,80550,81369,89391,110962,73135,65909,75531,86606,85206,58880,108651
11 30122,9931,4015,2611,2463,4585,21580,53540,85891,107298,112614,111135,113189,103326,103931,111865,129765,93538,82369,92773,98204,88507,62516,101311
12 43425,11613,4022,1260,1395,6238,35128,78123,121041,139496,136015,131254,125532,119434,123416,134947,163816,113925,105611,123388,133644,125828,88450,171173
13 16220,4918,2539,1194,990,2368,12290,27205,46374,58314,60584,58394,55174,52135,52694,55340,64848,49731,47054,50840,54324,52422,38198,57253
14 29083,7261,2616,2053,3237,6781,24049,50786,81122,98503,100498,90334,93557,83639,87794,96227,114166,67318,65622,73778,87551,83486,56640,112135
15 19858,4893,1992,1055,974,3476,22466,55528,81263,95395,94312,92733,94336,82550,85109,91258,111042,77090,71448,78276,80054,71065,46272,86398
16 23644,5997,2285,1477,2654,12674,69177,101139,126728,135817,140403,135178,134666,129573,142336,155727,189095,90302,89267,119417,143650,116244,64996,133243
17 30540,8448,3600,2078,1568,4614,28015,66137,97971,124359,128534,121450,118496,111766,112479,125480,148357,106836,97441,107874,118437,107546,72907,110822
18 27584,7443,2179,905,1353,3190,20010,45744,68785,79109,79599,77928,74753,68602,69416,76145,90785,66931,59428,69429,76684,71990,48638,95219
19 29789,9777,3284,1923,1904,5806,30348,77789,153751,198677,213284,209566,214377,189332,183039,198736,218754,178145,154186,139903,121923,104337,67645,104518
20 34373,8120,2500,1486,2240,5650,28240,63335,96128,112170,113565,107844,106686,95938,101028,110634,130916,88027,83729,98372,104033,95383,65087,128975
21 24656,6834,2422,1381,1274,5132,18206,40378,58619,70721,68387,65494,63637,54791,59891,66366,80583,53841,50240,58146,66996,63538,44744,84343
22 19948,5201,1881,1063,1978,7115,34154,57416,72924,84041,85526,83304,80900,79687,80877,90273,109117,56334,52228,62782,72877,67917,47201,97854
23 16788,4063,1614,1115,921,1992,10988,24178,38434,45543,51027,47623,47364,44940,45158,48785,56218,38254,37440,41640,45093,41075,29562,55321
24 27983,10116,3232,1071,1161,5102,24896,49194,72834,82856,84176,79567,79746,77772,76872,83037,100799,65855,55686,64997,71454,65104,45562,96449
25 31699,9609,2710,1315,1968,8205,42461,74326,109312,124227,129391,126586,131270,124086,122120,136639,154502,86294,84769,97669,112125,104097,77478,149903
26 18323,6105,2098,1292,1272,3661,17540,34653,46804,55253,56402,51855,50553,49436,51823,53690,64250,40960,36348,42037,48414,46812,34178,64071
27 18368,5107,2277,1391,1100,2941,14581,32957,53949,64483,63451,63129,61630,57824,57625,63490,75390,54909,56192,61437,64085,59832,41506,75739
28 23191,7273,3290,1507,1629,5914,32159,58332,82486,93236,95445,91880,91487,87406,93095,106174,119615,70799,66785,75785,82112,75020,53672,114101
29 29786,8325,3300,1229,1152,5088,22858,49880,75960,84191,85920,80749,80327,71851,74627,84585,102354,64090,58596,69091,76572,75438,53995,117562
30 26635,8885,3486,1551,1742,5203,29047,53682,71244,81249,85649,86091,87894,83935,83140,98769,114391,73665,75181,85133,91927,83616,57876,112638
31 36696,9594,3267,1690,2040,6028,33900,80433,125483,159553,170512,172982,179296,163955,158048,176511,199854,149285,140340,144496,128764,115109,74223,136258
32 11388,3675,1436,677,894,2621,7678,16318,26125,33676,33486,31757,31493,30032,27443,29954,35893,27867,26413,29108,34491,33354,24506,38592
33 22730,5642,2030,1020,1717,7381,32798,57643,75708,82489,83420,82742,88152,86932,86477,96160,102195,59474,51866,59368,68133,65120,48904,109188
34 6555,1848,708,269,654,1697,10415,28378,49769,69364,81883,88531,89364,81140,78634,80220,83612,59530,42062,32542,29528,26492,19437,28598
35 12862,3843,1380,670,726,2111,9882,23335,37605,48169,52155,51903,51586,50099,48137,53276,62928,43736,43943,46501,45491,41865,26739,47997
36 17208,4631,1624,820,1330,6307,31378,51501,66025,71892,72619,70563,70028,67399,68443,77342,91868,53828,49598,57852,71722,62446,39752,81982
37 13320,4366,1930,805,853,2459,10399,25305,42633,51421,55647,52474,53879,46144,45275,52570,59312,44111,43163,44372,43993,41505,26720,49496
38 18890,4693,1655,976,935,2999,18201,43845,74596,89870,92163,85950,90956,84659,82550,89209,107640,82318,76572,79608,75190,63640,41192,74577
39 17839,4835,1628,1139,628,2050,12401,39732,66758,91441,101431,101477,106885,97334,89998,94095,109024,83064,72138,69530,66767,58206,39955,65933
40 39776,10290,3558,1659,1707,7917,41959,78457,104182,114296,117740,112419,113991,105241,111003,127162,144850,84062,82508,97863,109968,102375,82528,175992
41 14775,4178,1556,1198,2003,10270,48951,77033,93387,106976,107601,105692,102722,100445,108341,122722,154108,77024,72037,87918,116106,87623,44936,81256
42 15382,4768,1767,1001,790,3138,17129,41274,68490,84364,92080,90630,92399,82031,85298,89592,104666,81930,81425,76076,62930,54825,37664,54474
43 16384,5331,1643,1060,872,2266,11572,31408,50691,73030,83197,83192,83732,74516,70703,72776,84762,59441,48404,50135,51224,46942,32725,58583
44 18899,6418,1999,954,854,3325,12711,28022,44181,53008,55549,55179,52365,49762,51247,55656,64978,44846,42045,48091,47060,42164,27963,62324
45 27372,5796,2351,1296,2068,7339,34670,62690,84029,90953,91416,90871,92890,87393,88218,97945,113851,65904,64691,74574,85929,80359,60928,133961
46 30943,9681,2325,1124,1235,4287,25939,54851,82817,94374,93602,87044,86737,82121,84832,88605,104388,72231,67441,78007,88150,82851,57481,123709
47 21138,5168,2587,1985,1775,6141,27637,43382,62288,64852,68810,67165,71095,63913,63874,73021,81298,47589,41355,50682,57524,55430,46260,102593
48 16931,5803,2480,1701,1165,2844,14196,31816,49195,59787,59330,56264,57720,51860,52252,57287,68342,46567,40231,46222,51471,50205,37291,66426
49 23380,5581,2588,1044,1331,6897,31335,55252,86090,98650,98915,96602,99093,95199,95893,104074,121356,75320,71008,87425,100544,91818,57122,105366
50 11671,3485,1185,571,923,5803,35390,57243,82484,88048,89962,86924,87552,80338,88874,90656,102906,65580,63702,80045,83943,67435,41991,68091
51 16368,5034,1796,1236,1599,3687,13897,40029,74150,94585,102736,99793,98087,88855,88180,93471,102238,79862,68361,60780,54258,44765,34146,51456
52 28559,10514,3294,1277,1277,4629,20825,43622,65464,75201,76270,69755,68003,61625,66155,73670,83706,56875,54658,65806,75991,74484,50949,104130
53 14533,3581,2042,593,464,2729,25470,122909,219666,278924,304356,304764,278754,265805,278433,266500,257472,171049,96890,90418,89398,74934,45912,54788
54 17946,6506,1828,1327,783,2355,10129,26081,49762,70039,83391,86480,91252,81264,79505,78724,79644,56187,41636,43240,43169,41772,30495,53106
55 22625,4819,2163,1239,1326,4255,26533,51520,70816,78594,78228,74489,74236,68537,71226,78891,94959,62116,55225,65613,74053,73413,47818,93190
56 9757,2273,833,240,521,2806,13434,25354,38404,44428,43556,41916,42169,37142,38592,43519,51002,32330,31847,36832,41706,39429,25916,45292
57 15465,3866,1071,491,1341,6352,35122,61189,77032,91140,97958,93946,93270,85679,86863,98479,119540,58199,53579,66531,77880,67326,45312,88208
58 10995,3325,1071,829,1121,3185,11853,23899,37602,43711,45907,43513,47682,41385,41032,46117,52909,37724,32958,36741,40855,35943,24946,46843
59 16751,3898,1400,876,1167,5284,25673,45597,58866,69538,70169,69798,69965,65345,67724,74754,88639,38854,38491,49395,53776,47955,31803,79598
60 12097,3064,1678,434,383,3492,15676,38836,56690,65401,68535,67824,71449,64029,57648,59157,74721,58257,56699,55020,42832,34481,22724,50545
61 24408,6857,2677,1251,1873,5198,28754,52382,74624,83428,88408,83355,84128,78928,79210,93164,103592,63738,63141,74270,81400,73343,53326,110625
62 2368,876,417,428,487,1440,11041,51168,102515,130663,140756,143857,133398,105218,110372,123125,123765,77443,45659,26796,16314,12515,7695,11915
63 13742,3464,1792,1351,1787,6730,33069,45425,54610,59037,57318,54395,61372,60917,65002,73058,93860,41772,39582,49946,70530,52860,27850,65754
64 17594,4436,1105,555,771,4876,24291,42662,57654,64123,68828,63930,66848,63240,64508,67508,86997,51753,46981,56631,64197,58794,38327,79746
65 17023,4512,1160,821,1530,4399,17774,34357,49946,55338,54962,49763,51757,50948,47839,54974,71026,41739,36267,43158,51261,46268,29696,67586
66 15704,3208,777,361,817,4129,30472,61012,98516,126990,132222,129337,118516,110362,120141,124994,145622,89867,66958,74587,94139,82666,51586,75615
67 11749,2592,935,440,278,3164,13936,36504,71380,106270,122009,129789,122602,101630,93718,93681,98260,55825,35072,30374,30160,26313,20119,45374
68 16637,4996,1734,788,754,4179,25278,77029,128332,168804,189182,194962,183938,170320,177382,172523,181385,114916,72952,74549,78353,69677,41990,72170
69 40994,10624,3577,1982,1889,10687,49235,85053,109882,122264,126974,126161,134899,126240,128414,141511,156466,86013,78621,97542,115696,110792,85022,207114
70 18094,4318,2333,1337,1148,4545,22973,41317,57281,64602,63266,59638,61493,59809,60272,66493,81479,49703,46619,52414,61062,60324,36720,81362
71 19665,4600,1742,871,1576,5804,22401,36852,50564,60626,58995,56561,55049,55453,54427,61003,68597,40191,35663,44940,52630,50186,34162,83003
72 11120,3479,1348,506,400,2644,18286,38962,57555,68000,73728,72692,74732,65771,68340,65973,66161,41786,38793,46916,51203,46395,29691,47425
73 17055,6226,2263,1219,789,2936,16192,42929,68491,82607,85519,82876,81914,74785,76685,82393,96518,77977,72959,73914,68355,58545,40610,60850
74 9509,2720,834,772,975,4610,15529,26267,32676,36680,36426,34985,41020,37850,37699,40302,40250,24467,25053,29934,35601,32606,46607,45571
75 13485,3447,1032,345,422,2352,11338,25394,37304,42642,42218,40448,41433,39422,39021,42595,46807,28606,27949,31757,35546,32573,20979,44773
76 21707,5484,2073,853,1354,4096,27559,46958,64770,70471,69135,66910,68336,66214,70804,80902,95572,54629,47941,59826,74442,72858,45454,97053
77 15429,3209,1110,620,1395,5377,31243,58062,84507,103895,111580,109012,103591,93764,101559,106256,126088,78622,68096,79395,94444,80793,49847,72665
78 18633,4294,1335,803,1360,5386,31374,50493,59906,66273,63451,64691,65353,65671,68773,76328,93268,44484,41658,56533,68066,67677,45756,95559
79 9686,2793,814,442,931,4260,20951,32781,36667,39214,39631,33743,36262,36156,39417,41395,48603,25986,23424,32348,40497,35471,21929,51027
80 8200,1867,370,380,941,4847,28904,44364,56511,58898,58979,55305,56115,52957,55920,59437,72107,41281,40258,56256,68595,58952,33327,59740
81 19721,6612,2537,1478,1718,3636,19243,53410,96879,125784,136421,133931,135112,117754,112642,121659,133918,116349,101076,100931,86133,67412,46917,70279
82 9283,2400,763,893,522,1693,7184,17284,26101,32569,34673,35314,35893,31841,29601,33031,35841,28080,23319,25725,27670,26697,21699,34734
83 11210,4027,1471,771,1498,2262,13434,25398,39703,47840,46872,45841,44315,41395,41573,47549,57003,33990,31945,34977,39923,37458,28169,48927
84 24547,7203,2924,977,1224,5569,30456,61786,86565,98754,102600,97155,97423,93581,98602,108995,130557,82468,76372,91140,101760,94862,63626,112609
85 16935,5765,2011,1127,1027,3369,16160,38412,68492,88679,97991,94460,93148,84710,80050,87077,99379,77740,70904,70551,65650,58579,38758,60641
86 5174,1385,778,424,859,3462,12494,17671,21639,23761,23902,23420,26239,24247,25430,26719,24957,16042,16876,23495,27792,24414,31383,27996
87 22727,6205,2885,1280,2322,6443,32947,65215,87018,101115,101240,96879,95893,85871,92418,98724,112656,74817,70780,87263,90831,91640,58217,109959
88 16861,2720,818,393,1726,7053,41199,62098,74193,78487,78919,76444,74153,70232,80465,85012,101040,48131,46830,70302,89649,77020,44441,98638
89 11458,3824,992,582,1058,3369,16677,32456,42155,53323,55065,50623,50383,47445,49143,53735,67206,31226,27635,31364,32577,30563,20134,47391
90 6582,1709,954,645,473,1807,8055,25426,38192,43798,46254,42609,43525,41083,39399,42023,43927,32612,31829,30696,30956,28363,19167,27232
91 9527,3142,1089,552,536,2180,9675,18018,28141,30265,32177,29325,31806,30589,31493,37208,45733,19851,19193,23276,27325,25676,19398,47974
92 24476,6931,2229,1235,1964,9235,42518,66195,83710,94476,94403,91247,97421,97213,97630,107135,126462,66526,62187,80080,90415,85999,56056,127543
93 4020,916,364,176,297,1931,7155,11436,13730,16150,16341,16281,18476,16945,17886,18495,18570,12549,13535,17955,19788,17991,23604,20457
94 3437,1589,432,432,512,2215,9394,15639,19896,24966,24440,24361,26821,24709,24350,25092,24690,16145,16052,18234,18208,15222,24477,22142
95 12919,3928,1281,1078,1842,9900,51380,70810,78150,80776,77860,73353,75550,74460,83834,91879,109633,48420,49792,77941,95743,85381,44916,86084
96 9368,1989,549,322,645,1349,9183,18830,32211,40524,47365,49109,52235,46753,43673,47770,52638,38966,31486,30209,30659,30024,19662,35440
97 19652,5451,1571,532,1624,8002,45238,86495,124571,146894,155214,153820,148842,137891,145401,150798,164235,97943,77611,89642,103025,88714,52751,93251
98 9785,2776,1180,491,427,1514,8215,22243,35660,38797,38686,36603,35861,32672,33043,37304,41411,29379,25886,29668,34367,32164,22245,38845
99 11087,2607,736,593,520,3066,18073,36978,58383,71798,75713,78414,73985,64659,68528,68572,72256,61828,66401,83160,87121,76175,44175,52517
100 12185,3147,1391,968,2409,10139,48388,73876,88592,94295,98214,87784,89999,80108,77672,90684,90823,39251,39149,55514,42665,54570,40113,75515
101 11067,2973,1194,500,486,1688,11087,26110,36401,41666,39785,35365,37316,32065,35678,39376,44230,32778,30787,35915,42236,41273,26221,45586
102 7234,2729,1034,419,428,606,4403,13290,23421,34981,41888,44525,46115,40806,41539,42743,46875,36093,25053,22568,21354,20964,13738,23406
103 10127,2377,1490,820,1142,5637,25628,41788,51988,58663,57427,55500,55937,52439,55136,57432,68982,35611,35571,44740,51820,48473,31672,59777
104 11083,3839,1282,504,655,1745,8012,17101,27666,33232,34164,32999,30104,26477,28569,31709,37150,25599,24066,29547,32773,34013,25924,39256
105 9971,2263,395,295,446,3753,20594,30193,38315,41445,42532,38875,35920,32587,37424,38669,46812,25940,25782,38866,48899,39335,22616,42099
106 12047,2661,984,460,936,6782,38104,80603,120200,138744,140985,139695,132818,115112,122472,132147,155211,90108,74872,80207,86404,68287,37679,57789
107 11904,3712,1558,339,1060,3812,23209,34789,45630,48946,50647,46130,49101,46536,47470,55565,61905,30628,30733,39192,48424,43397,28098,58862
108 6822,1974,911,374,838,3264,11462,21489,26286,31871,31703,34457,36842,32242,32919,34850,33352,23487,22327,24834,27973,25708,40470,35032
109 7392,1810,587,197,356,1145,10082,25439,43614,55816,58760,58013,57240,48169,47875,53370,62916,49619,46212,48203,45205,38192,23269,29843
110 3239,902,324,182,719,2494,10162,20162,29892,34585,37006,37194,40796,34833,36347,36693,34082,21501,16768,15864,16483,14843,21519,16422
111 9202,2378,923,592,595,2898,19713,50536,80197,107148,119736,127033,128105,115544,117191,122055,130834,78078,55177,41977,38340,32580,20093,37036
112 20151,6237,1826,1183,1106,7012,26034,57747,82957,93807,98128,97969,94630,89789,94063,94097,102258,74697,72260,85548,91755,80496,51729,85548
113 7089,2080,1116,494,469,1180,7759,15243,24260,27869,28401,27525,26804,24972,23992,26714,29794,22848,21199,25456,28136,27222,18135,34653
114 4017,1158,506,228,90,1230,12207,40419,76622,114387,133305,136611,138071,115060,103213,108487,110108,75930,49754,33467,23652,18326,13475,15368
115 8284,2404,986,587,1016,2758,17929,29209,34206,39325,39707,36873,39599,37893,39005,45077,53772,30161,27148,32656,36249,32409,21532,39182
116 9878,2940,944,517,634,1889,12343,24277,34006,38464,40091,39206,37412,34226,38346,40795,48098,24835,21561,27822,35012,31270,19056,40745
117 17305,3540,878,833,2669,13133,59797,82254,101772,94050,98423,87112,102831,91444,93385,110358,125108,54987,53463,74643,99567,85663,53046,122855
118 38618,9931,4727,2404,2314,9330,42877,81880,115188,134163,135933,126951,129338,115214,116727,126852,152736,106319,99528,116528,133194,130892,88221,157418
119 15001,4221,1899,1204,1927,6964,39435,58729,79053,82793,85142,82002,91069,86259,89363,100255,118179,53119,46872,61986,77613,70722,46187,90435
120 8626,1640,544,398,490,1541,8955,28418,59327,85084,97918,97545,94626,83864,85765,79566,82934,55069,54730,67306,71537,63197,40091,40981
121 10754,3157,1164,698,1227,5350,18775,32876,43115,52814,50507,52680,53352,49109,51857,52615,57416,38285,34183,41995,46694,43552,26323,50707
122 8760,3180,1281,619,1057,4850,26411,38547,51174,54664,56695,52945,54870,47591,47064,51832,50645,23404,21844,30867,24030,28309,17094,40639
123 3578,1046,510,228,1238,4576,14201,18223,21857,21271,20750,22223,25904,24661,26047,25766,24414,12627,13093,18108,21271,19262,27875,25524
124 8011,2919,757,385,858,3804,16993,25796,32712,33333,33607,32088,30896,30585,31914,36538,42942,20485,18008,24906,30122,26293,15495,38979
125 10197,2234,1212,684,1368,5340,31928,51354,62443,65127,67493,65482,66158,63169,70952,77992,96189,48886,45044,59510,72613,61122,32257,60518
126 10493,3195,1591,638,523,1392,7462,16256,25338,28376,27033,25154,24649,22928,23969,26275,32902,20996,21846,24829,29595,30374,21938,39890
127 3473,1179,469,320,336,725,6314,41850,99076,144166,171946,178105,178367,144891,135094,130014,122472,78586,45678,27159,17806,13389,8513,8847
128 14962,4429,1710,593,579,2980,12150,26198,40981,50280,49280,47008,44214,40514,42736,48442,54917,34395,32866,37551,42854,43676,31743,56308
129 19502,4472,1310,790,927,5385,27160,50196,69473,78186,81434,75635,73192,75712,77931,76070,85179,58914,58044,78926,94696,81225,51663,80746
130 20245,5634,1638,1081,1411,5164,18897,36492,55983,63679,65293,63619,62285,59061,60340,67516,80970,53461,49759,57825,62924,58818,38460,82621
131 17543,3221,1423,895,1602,7904,46809,72681,97628,111621,117293,111596,118747,111873,116501,132522,154564,69241,65891,83257,100599,87617,55206,120349
132 17010,2908,816,351,401,2764,19373,42851,69500,85974,92544,87868,79849,74736,81278,76971,82385,60983,71450,103270,113141,96285,61381,65939
133 9433,2541,1350,1094,977,4085,13682,21723,28286,31074,31418,32026,38776,31892,34395,35368,34341,20048,20612,24680,29133,26269,38144,37836
134 12772,3435,1596,854,739,5348,29517,44989,54260,61560,62413,56242,64362,58110,61080,63145,75327,37464,35852,50510,64857,54547,34830,64059
135 5684,1354,649,130,579,2651,18985,44791,76598,102283,116510,118291,114475,105055,103158,106920,106622,62950,35053,28704,24538,21979,13692,23212
136 5344,1466,588,307,534,2955,20512,67788,131238,174174,190734,182030,174527,162227,174632,158272,148132,82415,42304,34842,33097,27565,17348,24711
137 9958,2318,968,536,435,2109,9813,19605,28929,30275,29411,28001,30479,27027,28906,31239,34732,21353,19201,21884,25411,25158,16053,35384
138 19646,5369,1551,898,965,3368,18041,31336,46069,55496,60272,60114,55820,51685,56769,57586,66682,41059,35821,43762,50179,48408,38401,76034
139 11604,2996,1065,416,961,4350,24792,45731,69082,86985,90371,87582,81597,73977,80820,83717,104438,61494,57513,73171,81722,68874,36102,73092
140 8632,2833,914,467,452,1716,6075,13481,21374,25860,28363,26744,25719,23452,25553,28114,35684,23462,21224,23179,25413,24631,17824,30413
141 8067,1968,921,631,698,1501,5760,12551,17159,20640,20357,18683,18168,17453,17399,20829,23668,13295,11963,13494,15118,16025,11066,31177
142 2191,1021,558,199,138,223,3497,21136,45056,72568,87638,91933,93841,81307,70344,70681,61064,38704,20218,13470,12414,10606,7602,10359
143 5196,1759,432,154,412,2137,9070,16262,24249,28199,27676,26755,27129,27006,27630,32615,35314,17755,15691,18003,20268,18492,12973,24658
144 4716,1184,322,369,655,2767,7359,11117,12838,13312,14746,14765,16473,16840,18578,20264,19882,11386,12172,15273,18420,16288,27172,23244
145 5476,1753,986,578,541,2673,17592,27177,32675,35096,34384,34693,33134,31540,37388,39005,44493,25948,23030,32025,39251,31462,19154,29038
146 6332,1755,734,325,239,536,4036,9975,15776,19078,19032,18013,18780,15990,14226,16056,18887,12209,11382,13262,13450,13539,10628,16997
147 4910,1367,379,121,274,2184,6688,11662,15772,17928,19413,21514,22840,20192,19454,21665,20707,10532,9962,12230,15173,14150,21450,20189
148 4410,854,231,384,384,674,3102,8976,16535,21930,22739,22964,25369,23420,20775,23022,24782,16196,14620,13661,14276,13575,9548,14140
149 5131,1242,628,210,162,733,4348,9400,13308,16000,16177,16549,15488,15397,16090,18290,17760,12020,9960,11488,11384,12289,8965,18349
150 3132,1425,655,594,328,1110,6381,22217,43407,63387,73956,76353,78581,63454,58768,58535,59436,36758,20254,13906,11486,9959,7232,12640
151 3677,1037,572,108,142,1086,8105,37657,73134,103859,120133,127364,130895,105755,91741,91163,90489,53859,30846,20201,16278,14613,9822,10841
152 3836,1438,624,408,363,788,4145,8207,12191,13058,12547,12175,11460,11511,11353,13846,14502,9973,9317,11536,12175,13278,9993,16808
153 1708,381,253,89,82,643,5612,15649,25967,30081,31514,30955,35672,28252,24729,27910,29669,30166,19700,12411,9404,7536,4534,7710
154 1922,711,262,54,92,1287,9633,26665,45304,54950,61098,62508,59842,55798,56540,58429,57976,35573,24723,19791,17248,13519,8072,13672
155 1932,553,170,86,28,596,5531,33255,80981,138262,170927,179074,173926,141773,122177,118604,106282,60694,32702,22126,17916,13729,7928,8357
156 2834,555,222,124,514,1540,4737,18401,34338,52825,59245,62362,62500,51282,48163,49211,49021,33049,20623,15489,13097,11597,9035,10466
157 1765,794,224,230,43,373,1787,5545,9089,10890,11565,10858,10007,9476,9187,9861,11259,9144,8990,9740,8628,8228,5627,6279
158 39864,12039,5723,2413,2386,9768,39882,79120,118474,139735,144034,136077,134330,111954,117829,137744,168106,119096,110740,126023,137717,127436,85746,174254
159 26518,7483,3156,1786,925,3040,20302,60222,100469,135153,152874,156148,160507,147694,134891,143222,160372,117305,101226,95380,86859,72057,49121,97705
160 12848,3346,1307,852,1350,5175,29271,45450,52295,56659,59634,55682,61934,64542,61261,67827,81402,37408,38399,47229,58153,54326,35691,68729
161 3598,1000,453,198,84,530,3048,7300,12944,16287,17018,15641,14625,13704,14879,14883,18658,11849,10486,12895,14438,13556,9269,13671
162 3048,747,150,57,164,1562,7152,14623,26814,37991,42686,40915,39396,35934,38938,38570,41396,29455,18426,13182,14515,11247,6571,12130
163 20368,5365,2008,1435,2255,9085,43433,61299,75008,81519,84501,80171,89074,86378,92246,100341,121068,50530,49846,59577,76028,69067,44260,104972
164 27407,5560,1863,1490,1817,5892,31668,55718,80179,95056,97025,90641,90918,83734,84958,98635,112455,71358,65626,90384,111105,100114,61499,120408
165 4011,1700,638,252,175,667,4219,13353,26095,37501,42355,42655,43900,36558,35222,37050,44124,32042,24601,19264,17302,14919,9253,12721
166 2568,479,58,72,344,1979,7868,12181,13825,15193,14713,14169,15502,14980,15931,19152,21119,10682,11550,14067,15849,13453,8330,10307
167 1218,384,173,194,117,227,4043,24425,62312,101234,118482,128029,130520,106855,98455,96281,90943,51877,23698,12934,9290,8523,5392,3622
168 1840,622,43,74,164,1131,7956,22924,34629,39646,41228,39671,35465,31739,32781,33152,39695,27984,22804,20138,16943,10940,5759,7285
169 1035,160,18,11,15,392,6748,31901,62490,96390,117042,124725,134451,115160,96511,92538,89845,59323,29096,15706,10058,7778,6066,4440
170 2880,526,213,270,352,1847,9463,15492,20829,22122,23296,22260,24158,26575,26251,28979,37241,15355,13157,14785,17816,16412,10849,19629
171 1274,212,93,57,55,347,4962,23226,45672,64755,75898,78229,79056,61150,53485,50440,49615,30106,15860,9790,7560,5407,4003,4448
172 21751,6286,1320,1033,791,3428,19297,62934,118458,159580,175654,178981,172764,150968,143270,148353,152747,114516,97177,103702,106374,96591,66641,88407
173 921,229,64,41,46,106,2464,20072,50877,79415,93115,96786,92031,70254,65218,63434,58350,31335,16023,9442,7092,5269,2866,3386
174 10293,2566,845,545,613,3488,18691,42232,52529,60053,64595,65266,56822,49960,49802,55014,66378,44922,40327,45156,46310,44031,28581,48956
175 840,324,86,34,252,266,2994,18628,43347,67870,83661,88834,90611,72540,64735,62917,60518,42883,24031,13547,8726,6594,4297,4285
176 3134,1033,309,236,240,744,3162,20590,44958,69597,85605,95422,96264,74130,68935,68956,70150,65166,46879,28560,20360,13963,9930,10125
177 1253,228,130,19,74,464,3051,5715,8593,10788,13615,12780,13572,11097,13294,13972,16076,7792,7494,8853,8872,7073,3726,7549
178 676,183,57,32,20,521,5711,26887,53308,86468,107895,121837,132180,109903,89312,83199,79837,50815,25625,12806,9578,7480,5350,5054
179 4626,1723,282,312,189,1315,6906,34976,57808,69199,76976,75778,71048,54400,49991,52322,56921,49455,36750,31469,27036,21954,13674,19590
180 2607,1150,387,57,207,1226,6464,16380,23416,26155,27587,27610,25013,23894,24535,24997,24936,16395,11657,10084,9025,8184,5055,8290
181 9835,2960,1070,812,582,1365,8859,19843,34658,43531,45968,46733,46249,43696,44469,44396,47585,34982,30990,31717,34649,30153,20373,33574
182 23004,5640,1618,932,1155,3909,22702,47276,73012,91162,100399,97860,96957,89127,92197,93894,105008,74823,68334,83880,91900,85259,52552,93611
183 8396,3515,828,366,425,2042,6614,19256,32369,43068,47224,46106,43977,39323,39474,40784,45107,35147,29376,28819,28003,21127,13492,23665
184 778,186,49,15,81,179,2113,12108,28420,42533,49739,54623,53837,44143,40039,41352,44179,27838,13758,7949,6539,4440,2992,3286
185 22857,6992,2957,2303,4134,15628,61431,102593,126797,137636,138806,134540,141770,128736,130246,146932,158189,88530,91172,117819,123380,101682,92318,130609
186 20428,6965,3043,1961,2880,7865,30663,56209,76552,93217,97180,92652,93780,87757,90902,94674,102441,73173,75990,92159,101075,84398,92074,110870
187 422,73,16,35,180,210,2615,17148,37218,57137,69155,73482,73114,60626,54447,50023,46558,31022,14042,7259,5105,3854,2406,2276
188 20195,6650,1724,927,1069,3751,18320,48459,85903,104317,110434,111472,114109,98769,93367,101801,112127,79449,66788,63417,60813,53343,34898,73288
189 19759,5805,2432,1315,1862,7722,33591,59414,81675,99336,103398,99732,98484,87506,95369,98306,112715,80867,82319,96381,108596,98833,92247,95988
190 11768,3797,1292,601,780,2828,16207,44006,65794,72991,76768,71559,75913,67968,66104,70729,87143,75440,64191,59665,55435,46172,28716,45305
191 13910,4364,1332,554,2442,5951,22976,44304,62293,73752,75782,74040,74213,67723,67437,73367,80124,56374,60154,75963,88778,73068,66529,73850
192 12122,5119,2070,1428,1182,3516,14588,29306,43076,51677,53263,50504,49389,47401,50326,53788,57030,41371,42443,52182,57410,51334,48217,53889
193 5338,1893,1033,558,809,1797,7625,14420,23215,34455,39803,40484,41374,38009,38269,39525,42590,30499,24860,24548,22885,20316,20410,22082
194 3573,1210,415,556,486,1396,8034,20534,33324,45356,50754,53394,52115,48049,49534,49162,48091,29894,19863,16827,17142,15637,10260,14984
195 6294,1297,1089,613,997,5962,25129,35556,42413,46774,47327,47768,50201,47308,47150,52601,57167,32049,30074,38406,38946,33064,30487,39350
196 8273,2601,1391,476,1080,5362,18118,29901,44984,50728,52360,50200,48744,45130,46420,48817,53122,34359,35637,46626,52480,44288,44662,49958
197 22874,8241,2583,1643,2489,8937,31572,64378,91098,111370,118133,118450,118815,110055,109587,117035,131198,92158,91927,106956,120629,99230,95892,107980
198 10912,3231,1202,426,445,1873,10483,34016,52765,68150,77882,78913,89152,75381,61191,63559,74195,49759,38578,35711,33313,26251,18662,34664
199 9943,3167,1417,628,852,2040,13813,36915,59089,73213,79234,76114,82026,74308,66715,66962,78681,55643,44915,42537,41554,33237,21729,35640
200 8656,2773,1088,346,287,1283,10705,44217,75858,93631,106160,100206,100923,83525,80738,84550,93408,70414,57242,49029,40240,34492,21766,29410
201 18774,7069,2520,2105,5612,24999,87648,105360,125026,129965,129521,125422,131785,123690,127259,145189,154558,76254,82678,121325,129982,108388,100939,130147
202 12439,2977,1367,737,1922,10558,40514,56539,64788,69230,68729,63921,65614,62974,64005,70453,76760,38259,39680,53061,55976,48772,47541,70026
203 16250,4991,1736,784,927,3686,21368,45645,69145,91142,99212,99532,102418,93668,96495,98887,112072,76910,67644,67780,71396,62170,38566,72027
204 12569,3208,1478,914,1015,3725,16993,34099,46282,53302,56630,54234,50484,45768,45518,52138,60803,48446,44548,50486,53215,45723,30646,51389
205 12581,3693,1340,466,243,2442,17949,53347,75626,80939,94151,91515,89443,74631,74333,75599,90620,67932,58530,57451,53862,43258,26045,44989
206 63,22,31,1,9,60,252,737,1426,1932,2088,2090,1876,1536,1674,2007,1860,1616,1246,1096,733,605,276,223
207 3948,1329,431,363,524,1788,5646,12951,17437,22964,23621,22906,23561,22337,21822,24480,25783,20383,19560,20894,20069,18360,14889,14632
208 633,488,149,101,48,185,1106,5335,7646,9856,10308,10557,10576,10426,9349,9100,9215,7337,6926,6368,6838,6510,4808,3814
209 430,7,1,4,4,59,1239,7279,13498,21464,23134,26073,28488,21252,18490,18729,18226,11425,5401,2796,2166,1790,1036,811
210 261,86,27,82,9,36,326,2002,5213,7106,8420,9354,9162,7727,5888,6731,6086,5308,3299,1803,1756,1279,684,572
211 39,19,1,0,0,19,565,2425,4847,7944,9274,9669,10370,8491,7630,7394,6837,3930,1828,1182,956,1384,766,709
212 21162,6669,2226,1437,2262,9825,44280,67510,90710,103085,105092,106000,107476,99066,100999,108847,125564,71661,73536,94727,103403,91909,88645,119396
213 37422,9960,4293,2208,3676,19706,81346,131277,166358,184773,190989,183552,194606,180087,186385,199591,225715,133084,132159,157586,176956,159339,167082,234169
214 28203,9711,2964,1842,2881,11886,50400,87524,115548,133926,140579,134574,137977,130121,130364,144095,168303,103840,105814,121963,128975,112517,109759,153755
215 18940,6019,2469,2069,2179,13059,57315,87319,116357,130774,133115,125502,128704,117785,118813,132161,147034,82452,78983,95111,108329,94764,94107,125482
216 29776,8781,3563,2064,4735,21068,84628,126069,161719,185135,196043,185817,198284,181595,184170,202957,220972,122542,121419,149480,167024,146094,150806,211518
217 23030,6512,1847,1006,2700,14322,57841,92533,116258,131926,136050,133277,138913,130709,133684,147483,162450,83072,81505,102478,114288,105115,101842,148328
218 17534,5850,2431,1221,1795,9158,37484,62706,83385,95109,95619,90310,95293,88397,90624,100276,115034,69779,72090,89163,98499,86715,79454,102894
219 19429,4947,1973,1384,4286,19042,77358,94725,110676,117098,114627,113547,122567,115785,117819,122167,143953,70063,73001,100456,115327,100776,111283,156279
220 26340,8476,4107,1861,3095,17047,67181,99692,134092,144577,149463,143202,149682,135895,140337,157283,175507,99484,101667,121210,136028,116559,126188,171068
221 22041,6142,2359,1508,2755,16916,66061,92407,114432,122451,123001,120201,124461,119475,117564,133461,146376,79109,79589,97083,108633,93098,107579,149130
222 25688,5941,2272,1376,1748,9100,40064,67711,90096,103504,109865,108435,108981,104639,105858,114188,126129,78175,80216,95380,101488,85606,87986,126726
223 15063,4338,1883,1216,1834,8159,36558,54793,72082,76569,78076,77006,79275,70916,75943,81776,95809,50629,48870,59911,68919,61107,63363,91394
224 9902,3131,1328,1026,1795,7930,33288,48810,58864,63897,66427,65759,69739,63830,65074,72345,79375,44440,45391,52983,61105,54568,55033,72455
225 15727,3486,1170,1080,1670,9515,36629,57868,79484,89691,90257,87326,94049,87036,86230,97452,105792,56672,59175,69723,78799,69737,74464,102453
226 13068,3570,1505,837,1321,6538,28547,42911,53772,61359,61939,60460,62886,59297,59376,64862,76016,45243,43504,53695,59189,52011,57477,84701
227 18461,4862,1620,873,1484,9709,43450,67179,90655,96330,101419,99459,108126,96013,99130,106676,121556,73752,69008,81855,93330,82275,78041,101809
228 14252,4030,1872,752,1305,6774,28326,42654,54458,58691,61932,61914,63152,57803,58263,60541,70876,41314,39934,48661,57535,50102,56074,81694
229 19170,4422,1577,955,2087,11204,47826,73734,104056,116581,125226,115928,125858,114762,113062,125701,136774,80803,82456,95971,103025,91680,88613,120932
230 21181,6703,2740,1160,2055,8996,42038,67624,87454,98916,101297,104377,105146,95627,95949,103902,119666,70826,70858,81882,91785,81692,80032,115092
231 13009,3634,1506,996,1673,7913,34661,52775,70882,80079,75879,76412,78386,76488,74571,83411,90784,45256,45645,56053,63782,55218,64415,84111
232 11232,3020,1305,1194,1477,6633,31259,46667,62287,70668,71551,68954,67949,59820,65471,70141,78225,39879,40205,50374,58065,51873,54710,70410
233 7896,1831,1551,660,2707,7963,30011,41863,49512,50699,53285,52010,55661,53981,54361,57204,62837,30774,32031,42657,48005,43073,43912,56851
234 6543,1713,816,407,922,6724,25663,36739,48991,51266,52695,54055,58108,53096,57106,61125,64895,35206,32699,36888,42807,39141,40414,52132
235 10124,2831,943,567,710,4889,28696,46462,58412,65262,62629,62207,63703,57426,60899,65910,73755,40454,41953,51566,60839,55197,52768,67028
236 13561,3783,1485,1210,1451,9226,35953,50749,57269,57760,56456,56433,60132,57857,58263,68034,77486,40700,41388,50614,58748,52033,57850,77249
237 5823,1773,1418,865,1243,6053,28111,41378,51160,53551,49493,47657,45277,42760,48364,50956,55235,31214,35002,49807,57676,46683,38203,45015
238 7248,1760,875,516,1942,3209,18726,30007,36800,42868,47946,47070,49243,44716,42470,47924,54113,28513,28638,32887,37209,33014,34788,49193
239 14332,4593,1948,1875,2050,9941,43159,63837,83828,91256,93041,91322,96812,95545,97190,106167,119176,66611,67715,82342,95500,80803,81795,106745
240 8713,2313,701,524,1317,5565,20604,32324,39766,45736,48448,49494,54211,45239,42984,49728,54427,29721,27311,33735,34904,32472,32232,51041
241 10458,3318,1331,1008,1609,6964,25370,39411,55010,59544,61842,59177,65620,63020,64529,71160,81646,40624,40187,51730,57233,51099,48211,73322
242 9977,2483,1067,590,1059,7877,30979,48040,67753,74962,74868,69814,71290,67068,72981,74046,79115,47134,44147,55124,57312,45226,38618,54650
243 4289,1287,442,294,358,3493,15437,21362,27351,30675,30415,28415,30769,29057,32026,35928,38632,19255,19393,24114,27495,24368,25140,35347
244 205,7,6,26,0,67,386,4355,11555,18989,23204,24662,22676,18439,15587,14422,13735,6829,3831,2305,1819,1811,1092,1371
245 12676,3775,1098,500,852,3332,13074,26766,38690,41855,42311,38468,44009,40903,42083,48596,59252,31547,28162,33834,40720,36845,23892,52657
246 914,284,74,18,115,645,2889,6473,9262,11963,12219,12304,11116,9932,10357,12209,12996,8381,9085,10327,10586,7979,5341,6377
247 39134,11177,4094,2664,4068,20685,99037,160127,220717,267836,282190,272197,279155,254013,257722,280489,314877,188142,179368,208997,220830,189669,187223,264018
248 20406,5263,1770,985,2225,13015,69629,101382,136456,159702,168988,165163,169531,150956,157058,169183,190127,107946,96895,115506,122787,101035,89795,128836
249 20904,5703,2811,1602,1324,8528,34995,55120,75812,88152,92509,91246,96502,85858,90433,98792,109307,66125,62120,76398,80615,68584,71142,104135
250 8686,3180,2018,1047,1087,2280,10728,16488,22949,28104,28694,26618,27946,26295,27937,31942,36018,21041,18709,23757,25515,23260,23845,36664
251 14738,3895,1563,717,1486,7886,36096,60605,81025,97869,103347,100922,102096,93683,96660,106972,119182,61745,54708,64050,71719,62731,67878,101039
252 21,0,0,0,15,129,549,3206,6837,10925,12699,14709,12694,11758,12334,11409,9563,3804,668,234,68,55,17,0
253 15401,5014,2000,1094,1159,4276,30285,73889,104973,111980,115287,108166,103261,95870,103303,103307,112809,79252,60617,57472,58090,51265,32995,55714
254 9907,1969,1058,387,439,2469,18530,38035,52392,61601,68660,66029,59501,54208,59051,58108,69368,51218,55190,65901,66332,50988,28772,43165
255 771,231,103,71,49,451,2134,5025,7783,9891,10050,10196,10285,9947,10432,10340,11506,7822,7401,7035,6769,5422,3566,3780
256 20436,5357,2597,1477,2825,11602,57009,92750,127812,146773,154503,146972,153851,140179,142667,152100,173269,108056,98822,120474,128428,107331,98725,132120
257 11389,3457,1095,944,1394,7171,29604,46922,63147,66594,61897,57010,60082,56213,58338,64036,78906,45873,43858,56750,64915,52894,47105,63663
258 7123,1449,555,480,770,4786,20217,34037,45972,45843,45739,43914,45879,41634,44367,50698,60851,33229,33375,44632,52719,47559,32656,50039
259 4708,1609,386,310,911,4135,16918,31587,40726,51040,53941,54006,64748,53596,49514,52934,58130,36964,28345,26839,26117,21601,19739,31739
260 5044,1301,346,371,379,3343,16538,29864,41130,47013,48463,45372,46538,42596,43643,45411,55578,39544,35828,39116,34957,29160,27102,34969
261 3418,1061,306,170,470,3605,21276,49158,66648,78734,81871,82184,82807,77283,78387,83168,88542,54799,46836,46379,38743,27675,20809,27360
262 5266,1898,620,327,693,2928,17173,33604,50769,60173,64988,64118,65116,57421,58135,62648,69184,38170,32914,35013,35192,27666,23826,32781
263 2475,1157,382,129,177,1009,5769,13599,19515,24912,28313,27364,25905,23917,24822,27042,31705,21387,18350,18214,16027,12575,10735,15049
264 3769,1101,491,182,743,4814,22762,34522,42456,47339,46374,44954,52086,43755,41414,47043,50919,27512,21989,27572,30429,23195,23234,31566
265 3691,911,298,189,239,1307,7538,14301,21282,25069,26344,25123,27089,23423,23359,26377,32991,25686,27598,32456,29593,19804,14507,17991
266 1500,282,76,155,64,1119,5472,10421,16326,20819,23025,20814,20134,17416,19469,19344,23224,12799,9659,9920,10387,8719,8577,11307
267 1294,396,183,202,71,2158,12094,23365,32065,36294,38048,39085,43684,33010,34837,36502,37247,22497,14883,12733,12395,9858,7313,8890
268 4862,1252,420,150,207,907,5001,11774,18032,21732,22067,21974,21108,18176,21097,22809,25776,17289,15910,18452,20260,19333,10847,19542
269 10728,2863,989,764,1626,8773,42145,55829,69595,77094,78854,75373,76840,72249,78612,86276,93311,49468,50297,65437,75664,61546,59480,78665
270 2910,554,114,92,216,1278,7364,17984,25963,33258,38363,37897,42423,37901,30697,30058,33815,21671,17178,15575,14906,11018,8321,14170