1 10,9,8,7,8,6,9,5,6,4,3,2,6,3,5,1,1,6,1
2 22,23,21,20,21,19,18,20,17,16,15,14,13,13,12,15,11,18,19
3 31,30,30,29,28,27,26,25,29,27,31,29,28,24,26,24,26,30,26
4 39,38,37,36,35,34,36,33,35,36,40,33,37,39,32,34,32,34,38
5 49,48,47,48,46,50,45,44,51,49,43,52,42,49,44,41,42
6 61,60,59,58,57,57,58,62,56,56,59,55,60,54,53,55
7 71,70,69,68,67,72,66,65,68,65,64,64,69,67,70,63
8 81,80,79,78,77,76,82,75,74,73,74,79,77,73,78,81
9 92,91,90,89,90,88,87,86,85,86,84,91,84,93,85,83
10 101,100,99,101,99,98,97,96,95,101,98,95,94,102,98
11 110,109,110,108,107,106,106,105,111,108,104,103,107,112
12 119,118,117,116,120,115,119,115,119,118,114,114,113,113
13 129,128,127,126,125,124,128,125,123,122,121,124,129,121
14 137,137,136,135,138,134,133,132,132,131,133,134,130
15 143,143,142,142,141,141,142,140,139,141,140,139,141
16 148,147,146,146,145,144,144,145,144,148,146
17 151,150,150,149,151,149