1 239,245,257
2 158
3 149,188
4 142
5 133,206
6 82,140,179,248
7 77
8 76,79
9 63,132
10 51
11 165
12 120
13 108,117
14 58
15 55,123
16 54
17 53
18 49,167
19 47,176
20 40,52
21 34,41
22 3
23 30
24 182,197
25 143
26 130,184,207,229
27 126,146
28 122,159
29 72,145,156
30 66,68,213
31 64,150
32 223,235
33 190,212
34 153,227,236
35 135,199
36 92,189,208
37 90,214
38 89,256
39 81,220
40 210
41 187
42 166,194
43 128
44 60,186
45 50
46 43
47 39
48 33,42
49 4,125,174
50 48
51 61
52 136
53 224
54 222
55 203,228
56 127,148
57 75,80
58 74,85
59 65,151
60 62,204
61 57
62 88
63 192
64 118,119
65 113,116
66 111
67 45,168
68 44,115
69 36,163
70 29,173
71 25
72 106
73 200,237
74 181,201
75 180
76 144
77 139,233
78 137,242
79 93,232
80 84
81 83,246
82 147
83 177
84 114,124
85 110,172
86 107,112
87 46
88 38
89 31
90 28,37
91 22,121
92 21
93 169
94 251
95 243,249
96 241
97 226
98 216,247,255
99 95,198
100 94
101 86,183,244
102 253
103 138
104 134
105 104
106 70,71
107 35,141
108 26,131
109 23
110 2,24
111 109
112 171
113 162,164
114 105,161
115 99,101
116 19
117 15
118 14,103
119 1,100,102
120 20
121 97,191
122 96
123 18
124 12,98
125 11,17
126 9
127 8
128 7,13
129 6,160
130 221
131 202
132 185,193
133 170,211
134 67,217
135 27
136 16
137 5,10
138 32
139 231,250
140 230,238
141 218,219,234,254
142 154,157,225
143 87,152
144 129,175,195
145 78,178
146 69,73,215
147 59
148 56,196
149 209,252
150 155,205
151 91,240