1 206,248,257
2 188
3 133,179
4 132,245
5 82,140,149
6 79,239
7 76,77
8 63,142
9 51
10 158
11 165
12 120
13 55
14 53,123
15 52,167
16 49,117
17 47
18 41,108
19 40,176
20 34
21 30
22 3
23 54
24 58
25 150,156,229
26 143,159
27 126,213
28 122,182,197
29 72,184,207
30 66,68,130
31 64,145
32 146
33 256
34 220,223,227
35 208,235,236
36 199,210
37 92
38 90,212,214
39 89,135,153,189
40 81,190
41 166,194
42 136
43 48
44 43,50
45 42,125,186
46 39,174
47 33,128
48 4,60
49 61
50 187
51 203,204
52 148,224
53 80,127
54 74,228
55 65,85,151
56 62,75
57 57
58 88
59 222
60 111,116
61 106,118,173
62 45,115
63 44,192
64 36,113
65 29,119,168
66 25,163
67 242,246
68 233,237
69 232
70 181
71 147
72 144
73 137,139
74 93,201
75 84,200
76 83
77 180
78 121,177
79 112,169
80 110,124
81 38,107
82 37,114
83 28,46
84 22,172
85 21
86 31
87 243,249
88 226,251
89 216,247
90 198,241
91 95,244
92 94,255
93 86,183
94 253
95 171
96 131,141
97 109
98 70,71
99 26,138
100 24,134
101 23,104
102 2,35
103 101,102,162
104 100,164
105 99,103
106 20
107 19,105
108 14,161
109 1,15
110 96,191
111 17,98
112 13,18
113 9,160
114 8,11
115 7,97
116 6,12
117 221
118 202,211
119 170,193
120 67,217
121 27
122 16,185
123 5,10
124 32
125 219,230,250
126 218,231,234
127 154,157,225
128 152,238
129 87,254
130 178,195,215
131 129
132 69,78,196
133 59,175
134 56,73
135 205,252
136 155,240
137 91,209