1 239,257
2 188
3 142,206
4 133,179
5 132,245
6 82,149,248
7 76,79,140
8 63,77
9 51
10 158
11 165
12 120
13 55,176
14 53,123
15 52,108
16 49,117
17 47
18 41,167
19 40
20 34
21 30
22 3
23 54
24 58
25 143,229
26 130,145,159
27 126,213
28 122,197,207
29 72,156,182
30 68,150,184
31 64,66
32 146
33 256
34 212,214,227
35 199,220,223
36 153,208,210
37 92
38 90,135,189
39 89,235,236
40 81,190
41 174,186
42 125,166
43 60,194
44 48
45 43,50
46 42,136
47 33,128
48 4,39
49 61
50 187
51 203,204
52 127,148
53 80,224
54 74,228
55 65,75,151
56 62,85
57 57
58 88
59 222
60 111,116
61 106,118,168
62 45,115
63 44,192
64 36,113
65 29,119,173
66 25,163
67 242,246
68 232
69 201,233
70 200,237
71 181
72 147
73 144
74 137,139
75 84,93
76 83
77 180
78 114,121
79 112,124
80 110,172
81 38,107
82 37,177
83 28,46
84 22,169
85 21
86 31
87 253
88 249,251
89 243,244
90 216,247
91 198,241
92 95,226
93 94,255
94 86,183
95 141
96 131,171
97 109
98 104,134
99 70,71
100 26,138
101 24,35
102 2,23
103 101,105,162
104 100,161
105 99,103
106 19,164
107 15
108 14,102
109 1,20
110 96,191
111 18,160
112 17,98
113 9,12
114 8,13
115 7,97
116 6,11
117 221
118 202,211
119 170,193
120 67,217
121 27
122 16,185
123 5,10
124 32
125 231,238
126 157,219,234,250
127 154,218
128 152,225,230
129 87,254
130 129
131 78,178,196
132 69,73,195
133 59,175
134 56,215
135 209,240
136 205,252
137 91,155