1 239
2 149,158
3 132,206,248
4 82,133,245
5 79,140,179
6 77
7 76,188,257
8 63
9 51
10 142
11 165
12 108,123
13 58,117
14 55,167
15 54
16 53
17 47,176
18 41,120
19 40,52
20 34,49
21 3
22 30
23 156,159
24 150,229
25 146
26 122,182
27 72,145,184
28 68,126,207,213
29 66,197
30 64,130
31 143
32 235,256
33 223
34 214
35 199,212
36 190,208
37 189,227
38 92,236
39 90,135
40 89,153,220
41 81
42 210
43 186
44 128
45 125,194
46 61,174
47 60,166
48 50
49 43
50 39
51 33,42
52 4,187
53 48
54 136
55 224
56 203
57 88
58 85,222
59 80,228
60 75,127
61 74,204
62 65,151
63 62
64 57,148
65 192
66 119
67 118,168
68 116,173
69 113
70 45,163
71 44,115
72 36
73 29
74 25
75 106
76 111
77 237,246
78 201,232
79 180
80 144,200
81 139
82 137,233
83 93,242
84 83,181
85 84
86 147
87 114,121
88 112,172
89 110
90 38
91 37,107
92 31
93 28,124
94 22
95 21
96 46
97 169
98 177
99 251
100 247,255
101 241
102 226
103 216,243
104 183,244
105 95,249
106 86,198
107 94
108 253
109 141
110 138
111 134
112 104
113 35,131
114 26,70
115 24,71
116 23
117 2
118 109
119 171
120 162
121 105,164
122 102,103
123 101,161
124 19
125 14,100
126 1,99
127 15
128 20
129 98,191
130 97
131 17
132 12,13
133 11,160
134 7
135 6
136 8
137 9
138 18
139 96
140 202
141 193,217
142 170
143 67,211
144 27
145 16
146 10,185
147 5
148 32
149 221
150 234,238
151 225,231
152 218,219
153 154,254
154 152,250
155 87,157,230
156 196,215
157 129,178
158 73,78,195
159 59,175
160 56,69
161 205,252
162 155,240
163 91,209