1 9,8,7,6,5,4,3,4,5,10,2,2,5,7,3,1,4,3,7
2 21,22,20,19,18,17,20,19,16,15,14,13,12,13,18,12,11,14,17
3 30,29,28,27,26,28,30,31,27,25,24,23,23,26,27,29,28,28,24
4 41,40,39,38,39,40,37,36,35,36,42,35,34,40,33,37,32,38,32
5 52,51,50,51,49,53,48,47,46,45,44,54,47,46,43,52,45
6 64,63,62,61,60,59,58,57,60,64,62,56,61,58,55,59
7 74,73,72,71,70,75,76,69,71,68,67,66,70,67,68,65
8 84,85,83,82,81,80,86,79,84,80,78,78,82,77,83,77
9 95,94,93,92,91,90,96,91,89,88,87,87,93,97,88,98
10 106,107,105,104,106,103,102,101,103,104,100,105,99,108,100
11 117,116,115,114,113,114,115,112,118,113,111,110,109,119
12 126,125,127,124,128,126,125,123,122,122,121,123,120,121
13 135,134,136,137,133,132,132,131,138,139,130,129,133,129
14 147,146,145,144,148,143,142,146,141,140,143,141,149
15 155,154,153,155,152,152,151,155,151,150,150,154,153
16 160,159,160,158,158,157,159,157,158,156,156
17 163,162,161,163,162,161