1 239
2 140,149
3 133,206,245,257
4 82,158
5 79,132,188
6 77
7 76,179,248
8 63
9 51
10 142
11 165
12 117,123
13 55,58
14 54,176
15 53,120
16 49,52
17 47,167
18 41,108
19 34,40
20 3
21 30
22 156,159
23 146,213
24 130,197
25 126,145,182
26 72,150,184
27 68,229
28 66,122
29 64,207
30 143
31 223
32 214
33 199,220
34 190
35 153,189
36 135,256
37 92
38 90,208,212,235,236
39 89,227
40 81
41 210
42 187,194
43 128
44 61,186
45 60,166,174
46 50
47 43
48 39
49 33,42
50 4,125
51 48
52 136
53 224
54 203,204
55 148,222
56 85,127
57 75,151
58 74,88
59 65,228
60 62
61 57,80
62 192
63 119
64 118,168
65 116,173
66 113
67 45,115
68 44,163
69 36
70 29
71 25
72 106
73 111
74 237,246
75 201,232
76 200,242
77 180,233
78 139
79 137
80 93,181
81 83,144
82 84
83 147
84 114,121
85 112,172
86 110
87 38
88 37,107
89 31
90 28
91 22,124
92 21
93 46
94 169
95 177
96 251
97 247,255
98 241
99 226
100 216,243
101 183,244
102 95,249
103 86,198
104 94
105 253
106 138
107 134
108 104
109 71,141
110 35
111 26
112 24,131
113 23
114 2,70
115 109
116 171
117 162
118 103,161
119 101,102
120 100,105
121 19
122 14,164
123 1,99
124 15
125 20
126 98
127 97
128 17
129 12,191
130 11,160
131 7
132 6,13
133 8
134 9
135 18
136 96
137 202
138 193,217
139 170
140 67,211
141 27
142 16
143 10,185
144 5
145 32
146 221
147 219,225,234
148 218,250
149 157,238
150 154
151 152,230,254
152 87,231
153 178,195
154 78,196
155 73,129,215
156 59,175
157 56,69
158 240,252
159 155,205
160 91,209