1 9,8,7,8,7,6,5,4,7,3,6,10,4,2,3,1,5,6,1
2 22,21,20,19,18,17,16,15,14,23,13,24,15,16,12,14,11,18,13
3 31,31,30,29,28,27,26,25,26,32,30,29,26,29,30,28,28,27,25
4 40,39,38,37,38,36,38,40,35,36,36,34,34,35,35,34,39,39,33
5 48,47,48,46,45,44,45,43,49,42,47,46,42,41,41,50,43
6 57,56,55,54,55,53,56,58,52,52,55,51,51,59,53,54
7 66,65,64,63,62,61,60,64,62,60,61,65,66,61,65,63
8 76,75,75,74,74,73,72,77,71,70,69,68,69,70,67,67
9 85,84,83,86,82,81,83,81,80,79,78,78,79,84,80,82
10 94,93,92,94,91,90,92,91,89,89,90,88,88,87,93
11 102,102,101,100,101,99,99,98,97,96,98,100,95,96
12 109,108,107,106,109,105,104,103,108,105,103,104,103,106
13 116,115,114,113,116,113,114,112,111,110,115,112,111,110
14 123,123,122,121,124,120,119,122,119,118,118,120,117
15 129,128,127,126,127,126,128,128,125,126,125,126,129
16 134,133,132,132,131,130,133,131,132,131,134
17 137,137,136,135,135,136