1 9,8,7,6,5,4,5,3,2,10,2,4,7,5,3,1,3,7,3
2 20,21,19,19,18,17,16,16,15,14,13,13,18,12,15,12,11,17,14
3 29,28,27,26,28,25,24,30,25,23,26,22,22,25,26,24,29,23,27
4 40,39,38,37,36,35,35,34,33,38,41,38,32,33,31,39,38,38,36
5 50,49,48,49,47,51,46,45,44,50,43,52,45,45,44,42,42
6 61,60,59,58,57,61,56,58,56,55,57,54,54,55,53,59
7 71,70,69,68,67,72,73,66,67,65,64,63,68,64,65,62
8 81,82,80,79,78,81,83,77,80,76,75,75,77,74,76,74
9 92,91,90,89,88,87,93,88,86,85,84,84,91,94,85,95
10 103,104,102,101,103,100,99,98,100,101,97,102,96,105,97
11 114,113,112,111,110,114,109,108,115,112,107,106,109,116
12 123,122,124,121,125,123,120,119,119,118,120,118,117,122
13 132,131,133,134,130,129,132,128,135,136,127,126,130,129
14 144,143,142,141,145,140,139,143,138,137,140,138,146
15 152,151,150,149,148,147,147,151,152,147,149,148,151
16 157,156,157,155,154,155,156,153,153,154,155
17 160,159,159,160,158,158