1 9,8,7,7,6,5,4,3,5,8,5,10,3,2,1,6,4,1,1
2 22,21,20,19,18,17,16,15,14,23,13,24,18,16,12,14,11,15,19
3 31,30,30,29,28,27,30,26,31,32,25,25,26,28,29,28,29,27,25
4 40,39,38,37,39,39,39,40,36,35,36,38,38,34,34,34,35,35,33
5 48,47,46,45,44,43,44,48,49,45,47,42,41,46,45,50,41
6 57,56,55,54,56,53,55,58,53,52,55,51,51,59,52,54
7 66,65,64,63,62,61,60,64,62,60,61,65,66,65,61,63
8 76,75,74,73,73,72,71,77,70,75,74,69,68,68,67,67
9 85,84,83,86,82,81,83,81,80,79,82,78,80,79,84,78
10 93,92,91,93,90,89,88,90,87,91,89,87,88,94,92
11 102,101,100,99,102,98,98,101,97,96,100,99,96,95
12 109,108,109,107,106,105,104,103,103,105,107,108,103,104
13 116,115,114,113,114,116,112,111,112,110,115,111,113,110
14 123,123,122,121,124,120,119,122,119,118,118,120,117
15 129,128,127,127,126,125,127,125,126,126,128,125,129
16 134,133,132,134,132,131,133,130,130,132,130
17 137,136,135,137,136,135