1 49,95,178
2 44,60,83,190
3 31,51
4 20,42,188
5 19,81,122
6 224,242
7 128,244,247
8 125,246,255
9 96,243,248,252
10 53,254
11 134,195,239
12 132,193
13 108,131,194
14 72,148,180,240
15 68,109
16 217,226
17 209,219,251
18 201,222
19 200
20 73,213,228
21 35,216,237
22 104,151
23 36,70,232
24 22,64,112
25 17,79,133
26 10,14,154
27 149,163,171,173,174,184,189,231
28 67,117,164,169,170,172
29 235,245
30 234
31 207,233,241,249
32 204,210
33 203
34 202,236
35 199,238
36 69,221
37 45,61
38 40,250,253
39 33,205
40 28,30
41 25,47
42 27,29,88,98
43 12,38
44 9,37,106,110
45 3,15,141
46 123,138,145,146,147,150,158,162,166,167,168,177,197
47 94,130
48 87,103,160
49 66,102,113
50 57,86
51 50,135,155
52 214,218
53 212,215,230
54 211,223,225
55 208,220
56 206,227
57 115,165
58 80,82
59 77,85
60 55,157
61 8,76
62 6,118
63 100,127
64 92,156
65 89,153
66 78,116
67 59,114
68 16
69 21,46,144
70 18,23,58,137
71 5,48,101
72 181,187
73 179,182,183
74 90,176,186,196
75 91,107,120,129,142
76 74,84,105,139
77 1,34,54,62,99,111,159,161,198
78 11,13,52
79 4,7,124
80 2,32,136
81 56,65,71,75
82 24,26,126
83 39,43,93,143,152,256
84 63,97,121
85 41,119,140
86 192,229
87 191
88 175,185