1 130,178
2 127
3 71,165,187
4 56,65,175
5 26,75,176
6 24,142
7 107,158
8 36,64,245
9 17,79,137
10 14,22,161
11 10,70,115
12 173,179
13 172
14 155
15 151,209,244
16 150,153,156
17 120,171
18 67,184
19 249,251
20 248
21 220,246,255
22 217,263
23 216
24 215,259
25 212,223
26 247
27 82,124,143,152,166,177,206,208
28 80,91,157,170,210,252
29 60,73,83
30 51,200
31 42,98,126,264
32 20,35,267
33 19
34 199,203
35 183,198,204
36 182,205
37 180,181,188
38 138,190,194
39 257,258,262
40 256,268
41 132,261
42 129,237,260
43 99,266,269
44 38,46
45 29,101,109
46 15,21,141
47 12,58
48 5,23,113
49 118,128
50 52,84
51 11,76
52 7,13,32
53 4,55
54 2,140
55 106,116
56 97
57 88,89,168
58 66,134
59 57,105,162
60 50,139
61 227,231
62 225,236,243
63 224,228,238
64 221,233
65 219,240
66 81,174
67 77,164
68 49,87
69 44,85,121
70 31
71 8
72 6
73 235,239,265
74 230,241
75 226,229
76 222,232
77 214,250
78 213
79 69
80 40,234
81 33,218
82 30,45
83 28,61
84 25,47
85 103,131
86 95,163
87 92,160
88 78,119
89 59,117
90 16
91 18,27,37
92 9,48,90
93 3,104,146,149
94 136
95 135,254
96 112,154
97 111
98 72,253
99 68
100 53
101 191,197
102 186,192,193
103 93,189,196,207
104 86,94,108,123,147
105 74,110,133,144
106 167,211
107 114
108 102,169
109 62
110 34,54
111 1
112 159
113 43,96,148
114 39,270
115 122,125
116 63,100
117 41,145
118 202,242
119 195,201
120 185