1 6,5,4,3,2,4,1,3,2,6,2,6,3,1,5
2 15,14,13,12,11,12,10,9,9,10,8,7,7,11,8
3 20,20,19,18,17,17,18,19,17,16,19,16,16,18
4 27,26,25,24,23,27,23,28,22,21,21,23,26,24
5 30,29,30,29,29,29,30,29,30,29,29,29,30,30
6 35,34,34,33,32,31,31,31,33,33,32,33,34
7 40,39,38,38,40,37,36,36,39,37,37,40,38
8 46,45,44,43,44,44,43,45,42,42,41,41,46
9 52,51,50,49,50,48,47,47,48,51,52,49,49
10 57,56,55,54,53,54,53,56,55,55,57,54
11 64,63,62,61,60,59,61,62,58,62,58,60
12 70,69,68,67,67,66,66,65,65,68,69,65
13 76,75,74,73,76,72,71,75,74,73,74,76
14 80,79,78,80,77,78,78,79,80,77,79
15 86,85,85,84,83,82,86,82,81,84,83
16 92,91,90,91,89,88,87,90,88,87,89
17 95,94,93,93,93,94,94,95,95,95
18 98,98,97,96,97,97,98,96,98
19 103,102,102,101,100,100,99,101,99
20 105,104,104,104,105,104,105,105,104
21 111,110,110,109,108,107,106,108,106
22 113,113,112,112,112,112,113
23 116,115,115,115,114,116
24 119,118,118,117,117,119