1 6,5,4,4,3,5,2,1,6,3,4,5,1,3
2 11,10,9,10,8,8,11,9,7,11,9,7,10,8
3 18,17,16,15,16,14,16,17,13,12,12,18,15,15
4 25,24,23,22,21,25,21,26,20,19,19,21,24,22
5 28,27,28,27,27,27,28,27,28,27,27,27,28,28
6 33,32,32,31,30,29,29,29,31,31,30,31,32
7 38,37,37,36,35,37,38,38,35,34,34,35,36
8 43,42,41,42,40,39,39,42,41,39,43,40,43
9 48,47,46,46,48,45,44,44,47,45,45,48,46
10 54,53,52,51,52,52,50,53,51,50,49,49,54
11 60,59,58,57,57,56,59,55,55,58,60,59,57
12 65,64,63,62,61,63,61,64,62,63,65,62
13 72,71,70,69,68,67,66,69,68,69,67,66
14 78,77,76,75,75,74,76,73,73,74,77,73
15 84,83,82,81,80,82,84,83,79,81,80
16 90,89,88,87,86,85,89,88,85,87,86
17 93,92,91,91,91,92,92,93,93,93
18 100,99,98,97,96,95,94,96,98,95
19 103,102,103,101,102,102,103,101,103
20 105,104,104,104,105,104,105,105,104
21 111,110,110,109,108,107,106,108,106
22 114,113,113,113,112,114
23 117,116,116,115,115,117
24 120,119,119,118,118