1 256,268
2 237,258,261
3 132,257,266
4 129,253
5 112,269
6 99,260,262
7 174,188
8 164,198
9 85,87
10 81,121
11 49,190
12 44,77
13 31
14 8
15 6
16 115,158,161
17 36,64,107
18 22,70,245
19 17,79,137
20 10,14
21 249,251
22 248
23 220,246,255
24 217,263
25 216
26 215,259
27 212,223
28 247
29 82,124,143,152,166,177,206,208
30 80,91,157,170,210,252
31 60,73,83
32 51,200
33 42,98,126,264
34 20,35,267
35 19
36 38,46
37 29,101,109
38 15,21,141
39 12,58
40 5,23,113
41 118,128
42 76,84
43 11,52
44 7,13,32
45 4,55
46 2,140
47 105,106
48 97,116
49 88,162,168
50 66,89
51 57,134
52 50,139
53 227,231
54 225,228,243
55 224,236,238
56 221,233
57 219,240
58 203,205
59 136
60 135,254
61 111,138
62 72,154,204
63 68
64 53
65 235,239,265
66 230,232
67 226,229
68 222,241
69 214,250
70 213
71 172
72 155
73 151,184
74 150,179,209
75 120,173
76 67,153,244
77 185,202
78 182,194,195
79 181,199,242
80 180,183,201
81 69
82 45,61
83 40,234
84 33,218
85 28,30
86 25,47
87 117,160
88 103,131
89 95,163
90 78,119
91 59,92
92 16
93 18,27,37
94 9,48,90
95 3,104,146,149
96 191,197
97 189,192,193
98 93,186,196,207
99 176,187
100 171,175
101 165,178
102 142,156
103 127
104 86,94,108,123,147
105 74,110,133,144
106 167,211
107 114
108 102,169
109 62
110 34,54
111 1
112 56,65,71,75
113 24,26,130
114 159
115 43,96,148
116 39,270
117 122,125
118 63,100
119 41,145