1 4,39,42,48,50,51,60,128,132,133,142,174,186,194,206
2 143,145,146,150,156,158,159,182,184,197,207,213,229,239,257
3 56,59,64,66,68,69,72,129,130,175,178,195,196,215
4 6,7,8,9,11,12,13,17,18,96,97,98,160,191
5 30,34,40,47,49,52,53,55,58,108,117,123,165,167
6 21,22,28,37,38,46,107,110,112,114,121,124,172,177
7 63,76,77,79,82,138,140,149,176,179,188,224,245,248
8 83,84,93,137,139,144,147,180,181,200,201,232,233,237
9 70,71,74,75,80,85,88,141,148,151,203,204,222,228
10 31,33,43,61,125,135,136,166,169,187,208,210,212
11 1,14,15,20,99,100,101,102,103,105,161,162,164
12 5,10,16,27,32,67,170,185,193,202,211,217,221
13 2,19,23,24,25,26,35,104,106,109,111,163,171
14 29,36,44,45,113,115,118,119,122,126,168,173,192
15 81,89,90,153,190,199,214,220,223,227,235,236,256
16 86,94,95,183,198,216,241,243,244,247,249,251
17 3,41,54,57,62,65,116,120,127,131,134
18 73,78,87,152,154,157,218,219,230,231
19 91,92,155,189,205,209,240,242,246,252
20 225,226,234,238,250,253,254,255